assets/RAT_results_old/precipitation/2024-11-08_IMERG.asc
ncols        46
nrows        77
xllcorner    74.800261325624
yllcorner    8.058333333333
cellsize     0.062500000000
NODATA_value -9999
0 0 1 2 2 2 1 1 0 0 0 0 0 0 0 0 0 0 0 0 0 0 0 0 0 0 0 0 0 0 0 0 0 0 0 0 0 0 0 0 0 0 0 0 0 0 
0 0 1 3 3 4 2 2 1 1 0 0 0 0 0 0 0 0 0 0 0 0 0 0 0 0 0 0 0 0 0 0 0 0 0 0 0 0 0 0 0 0 0 0 0 0 
0 0 1 3 3 4 2 2 1 1 0 0 0 0 0 0 0 0 0 0 0 0 0 0 0 0 0 0 0 0 0 0 0 0 0 0 0 0 0 0 0 0 0 0 0 0 
0 0 3 6 6 7 4 4 1 1 0 0 0 0 0 0 0 0 0 0 0 0 0 0 0 0 0 0 0 0 0 0 0 0 0 0 0 0 0 0 0 0 0 0 0 0 
3 3 5 9 9 9 10 10 1 1 3 4 4 0 0 0 0 0 0 0 0 0 0 0 0 0 0 0 0 0 0 0 0 0 0 0 0 0 0 0 0 0 0 0 0 0 
3 3 5 9 9 9 10 10 1 1 3 4 4 0 0 0 0 0 0 0 0 0 0 0 0 0 0 0 0 0 0 0 0 0 0 0 0 0 0 0 0 0 0 0 0 0 
6 6 7 6 6 9 9 9 0 0 1 0 0 0 0 0 0 0 0 0 0 0 0 0 0 0 0 0 0 0 0 0 0 0 0 0 0 0 0 0 0 0 0 0 0 0 
6 6 7 6 6 9 9 9 0 0 1 0 0 0 0 0 0 0 0 0 0 0 0 0 0 0 0 0 0 0 0 0 0 0 0 0 0 0 0 0 0 0 0 0 0 0 
5 5 2 0 0 0 0 0 0 0 0 0 0 0 0 0 0 0 0 0 0 0 0 0 0 0 0 0 0 0 0 0 0 0 0 0 0 0 0 0 0 0 0 0 0 0 
2 2 0 0 0 4 4 4 1 1 0 0 0 0 0 0 0 0 0 0 0 0 0 0 0 0 0 0 0 0 0 0 0 0 0 0 0 0 0 0 0 0 0 0 0 0 
2 2 0 0 0 4 4 4 1 1 0 0 0 0 0 0 0 0 0 0 0 0 0 0 0 0 0 0 0 0 0 0 0 0 0 0 0 0 0 0 0 0 0 0 0 0 
4 4 3 1 1 0 0 0 0 0 0 0 0 0 0 0 0 0 0 0 0 0 0 0 0 0 0 0 0 0 0 0 0 0 0 0 0 0 0 0 0 0 0 0 0 0 
2 2 4 1 1 0 0 0 0 0 0 0 0 0 0 0 0 0 0 0 0 0 0 0 0 0 0 0 0 0 0 0 0 0 0 0 0 0 0 0 0 0 0 0 0 0 
2 2 4 1 1 0 0 0 0 0 0 0 0 0 0 0 0 0 0 0 0 0 0 0 0 0 0 0 0 0 0 0 0 0 0 0 0 0 0 0 0 0 0 0 0 0 
2 2 1 1 1 0 0 0 0 0 0 0 0 0 0 0 0 0 0 0 0 0 0 0 0 0 0 0 0 0 0 0 0 0 0 0 0 0 0 0 0 0 0 0 0 0 
2 2 1 1 1 0 0 0 0 0 0 0 0 0 0 0 0 0 0 0 0 0 0 0 0 0 0 0 0 0 0 0 0 0 0 0 0 0 0 0 0 0 0 0 0 0 
0 0 0 0 0 0 0 0 0 0 0 0 0 0 0 0 0 0 0 0 0 0 0 0 0 0 0 0 0 0 0 0 0 0 0 0 0 0 0 0 0 0 0 0 0 0 
0 0 0 0 0 0 0 0 0 0 1 1 1 0 0 0 0 0 0 0 0 0 0 0 0 0 0 0 0 0 0 0 0 0 0 0 0 0 0 0 0 0 0 0 0 0 
0 0 0 0 0 0 0 0 0 0 1 1 1 0 0 0 0 0 0 0 0 0 0 0 0 0 0 0 0 0 0 0 0 0 0 0 0 0 0 0 0 0 0 0 0 0 
0 0 0 0 0 0 0 0 0 0 0 0 0 0 0 0 0 0 0 0 0 0 0 0 0 0 0 0 0 0 0 0 0 0 0 0 0 0 0 0 0 0 0 0 0 0 
1 1 1 1 1 0 0 0 0 0 1 1 1 1 0 0 0 0 0 0 0 0 0 0 0 0 0 0 0 0 0 0 0 0 0 0 0 0 0 0 0 0 0 0 0 0 
1 1 1 1 1 0 0 0 0 0 1 1 1 1 0 0 0 0 0 0 0 0 0 0 0 0 0 0 0 0 0 0 0 0 0 0 0 0 0 0 0 0 0 0 0 0 
1 1 0 1 1 0 0 0 0 0 0 0 0 0 0 0 0 0 0 0 0 0 0 0 0 0 0 0 0 0 0 0 0 0 0 0 0 0 0 0 0 0 0 0 0 0 
1 1 0 1 1 0 0 0 0 0 0 0 0 0 0 0 0 0 0 0 0 0 0 0 0 0 0 0 0 0 0 0 0 0 0 0 0 0 0 0 0 0 0 0 0 0 
2 2 1 1 1 0 0 0 1 1 0 0 0 0 1 1 0 0 0 1 1 0 0 0 1 1 0 1 1 0 0 0 0 0 0 0 0 0 0 0 0 0 0 0 0 0 
3 3 3 2 2 1 1 1 0 0 0 1 1 1 4 4 4 4 2 2 2 2 1 1 2 2 3 1 1 0 0 0 0 0 0 0 0 0 0 0 0 0 0 0 0 0 
3 3 3 2 2 1 1 1 0 0 0 1 1 1 4 4 4 4 2 2 2 2 1 1 2 2 3 1 1 0 0 0 0 0 0 0 0 0 0 0 0 0 0 0 0 0 
12 12 9 7 7 9 8 8 5 5 7 5 5 1 2 2 15 15 8 0 0 0 0 0 0 0 0 3 3 0 0 0 0 0 0 0 0 0 0 0 0 0 0 0 0 0 
29 29 18 19 19 28 11 11 10 10 10 3 3 1 11 11 5 5 11 0 0 7 0 0 0 0 0 0 0 0 0 0 0 0 0 0 0 0 0 0 0 0 0 0 0 0 
29 29 18 19 19 28 11 11 10 10 10 3 3 1 11 11 5 5 11 0 0 7 0 0 0 0 0 0 0 0 0 0 0 0 0 0 0 0 0 0 0 0 0 0 0 0 
39 39 32 39 39 37 17 17 12 12 10 4 4 4 39 39 41 41 12 1 1 1 0 0 0 0 0 0 0 0 0 0 0 0 0 0 0 0 0 0 0 0 0 0 0 0 
39 39 32 39 39 37 17 17 12 12 10 4 4 4 39 39 41 41 12 1 1 1 0 0 0 0 0 0 0 0 0 0 0 0 0 0 0 0 0 0 0 0 0 0 0 0 
35 35 35 33 33 25 12 12 5 5 5 4 4 1 29 29 61 61 24 1 1 0 0 0 0 0 0 0 0 0 0 0 0 0 0 0 0 0 0 0 0 0 0 0 0 0 
42 42 40 42 42 25 14 14 20 20 15 12 12 2 1 1 13 13 11 1 1 0 0 0 0 0 0 0 0 0 0 0 0 0 0 0 0 0 0 0 0 0 0 0 0 0 
42 42 40 42 42 25 14 14 20 20 15 12 12 2 1 1 13 13 11 1 1 0 0 0 0 0 0 0 0 0 0 0 0 0 0 0 0 0 0 0 0 0 0 0 0 0 
26 26 29 30 30 24 17 17 20 20 14 11 11 4 3 3 4 4 1 0 0 0 0 0 0 0 0 0 0 0 0 0 0 0 0 0 0 0 0 0 0 0 0 0 0 0 
31 31 37 37 37 25 22 22 30 30 22 13 13 8 6 6 5 5 4 2 2 0 0 0 0 0 0 0 0 0 0 0 0 0 0 0 0 0 0 0 0 0 0 0 0 0 
31 31 37 37 37 25 22 22 30 30 22 13 13 8 6 6 5 5 4 2 2 0 0 0 0 0 0 0 0 0 0 0 0 0 0 0 0 0 0 0 0 0 0 0 0 0 
22 22 23 31 31 24 20 20 23 23 13 16 16 17 17 17 15 15 8 3 3 2 2 2 5 5 0 0 0 0 0 0 0 0 0 0 0 0 0 0 0 0 0 0 0 0 
22 22 23 31 31 24 20 20 23 23 13 16 16 17 17 17 15 15 8 3 3 2 2 2 5 5 0 0 0 0 0 0 0 0 0 0 0 0 0 0 0 0 0 0 0 0 
11 11 17 18 18 16 15 15 15 15 16 19 19 19 18 18 14 14 10 6 6 7 8 8 5 5 0 0 0 0 0 0 0 0 0 3 3 0 0 0 0 0 0 0 0 0 
17 17 24 18 18 12 9 9 8 8 10 9 9 8 8 8 3 3 5 8 8 15 41 41 14 14 1 0 0 4 9 9 70 70 2 1 1 0 0 0 0 0 1 1 1 0 
17 17 24 18 18 12 9 9 8 8 10 9 9 8 8 8 3 3 5 8 8 15 41 41 14 14 1 0 0 4 9 9 70 70 2 1 1 0 0 0 0 0 1 1 1 0 
24 24 24 18 18 16 7 7 7 7 6 4 4 3 2 2 2 2 5 9 9 15 36 36 7 7 2 2 2 9 15 15 20 20 8 3 3 4 2 2 1 1 0 0 0 0 
17 17 16 19 19 15 9 9 8 8 5 3 3 2 2 2 2 2 3 5 5 7 11 11 5 5 4 3 3 1 4 4 6 6 4 3 3 4 3 3 1 1 0 0 0 0 
17 17 16 19 19 15 9 9 8 8 5 3 3 2 2 2 2 2 3 5 5 7 11 11 5 5 4 3 3 1 4 4 6 6 4 3 3 4 3 3 1 1 0 0 0 0 
15 15 20 20 20 23 19 19 11 11 4 4 4 4 3 3 2 2 3 3 3 4 12 12 12 12 9 9 9 11 17 17 7 7 4 5 5 3 0 0 0 0 0 0 0 0 
15 15 20 20 20 23 19 19 11 11 4 4 4 4 3 3 2 2 3 3 3 4 12 12 12 12 9 9 9 11 17 17 7 7 4 5 5 3 0 0 0 0 0 0 0 0 
10 10 15 19 19 19 15 15 10 10 7 6 6 12 6 6 4 4 4 5 5 6 6 6 18 18 13 7 7 7 7 7 3 3 8 5 5 1 3 3 0 0 0 0 0 0 
4 4 7 13 13 14 15 15 18 18 13 8 8 6 3 3 3 3 6 9 9 14 23 23 14 14 13 12 12 15 7 7 3 3 3 5 5 1 3 3 0 0 0 0 0 4 
4 4 7 13 13 14 15 15 18 18 13 8 8 6 3 3 3 3 6 9 9 14 23 23 14 14 13 12 12 15 7 7 3 3 3 5 5 1 3 3 0 0 0 0 0 4 
5 5 7 18 18 21 24 24 23 23 17 10 10 3 2 2 3 3 9 16 16 23 62 62 39 39 44 38 38 29 9 9 7 7 3 2 2 2 0 0 0 0 0 0 0 0 
10 10 9 10 10 15 16 16 18 18 15 8 8 2 3 3 3 3 9 15 15 21 51 51 66 66 60 41 41 29 12 12 7 7 2 2 2 6 7 7 0 0 0 0 0 1 
10 10 9 10 10 15 16 16 18 18 15 8 8 2 3 3 3 3 9 15 15 21 51 51 66 66 60 41 41 29 12 12 7 7 2 2 2 6 7 7 0 0 0 0 0 1 
7 7 6 6 6 16 13 13 15 15 18 6 6 3 3 3 5 5 10 11 11 15 18 18 37 37 28 31 31 16 11 11 17 17 14 5 5 10 6 6 4 4 1 1 1 3 
7 7 6 6 6 16 13 13 15 15 18 6 6 3 3 3 5 5 10 11 11 15 18 18 37 37 28 31 31 16 11 11 17 17 14 5 5 10 6 6 4 4 1 1 1 3 
3 3 4 5 5 14 17 17 18 18 40 15 15 12 6 6 11 11 9 11 11 13 14 14 27 27 21 20 20 17 12 12 13 13 11 5 5 5 4 4 4 4 2 2 2 6 
11 11 17 21 21 25 42 42 64 64 61 56 56 25 16 16 14 14 9 13 13 17 26 26 21 21 24 22 22 25 43 43 34 34 13 4 4 3 1 1 3 3 4 4 4 8 
11 11 17 21 21 25 42 42 64 64 61 56 56 25 16 16 14 14 9 13 13 17 26 26 21 21 24 22 22 25 43 43 34 34 13 4 4 3 1 1 3 3 4 4 4 8 
8 8 11 15 15 20 24 24 39 39 26 25 25 14 11 11 14 14 19 38 38 17 28 28 17 17 30 40 40 32 46 46 39 39 17 4 4 2 3 3 3 3 4 8 8 2 
10 10 14 16 16 23 24 24 38 38 25 34 34 20 17 17 25 25 78 87 87 64 22 22 24 24 27 22 22 29 50 50 21 21 7 7 7 7 4 4 5 5 6 10 10 3 
10 10 14 16 16 23 24 24 38 38 25 34 34 20 17 17 25 25 78 87 87 64 22 22 24 24 27 22 22 29 50 50 21 21 7 7 7 7 4 4 5 5 6 10 10 3 
13 13 16 18 18 24 27 27 24 24 27 33 33 18 29 29 29 29 39 18 18 26 16 16 11 11 17 15 15 17 21 21 19 19 12 11 11 7 5 5 3 3 4 5 5 5 
13 13 16 18 18 24 27 27 24 24 27 33 33 18 29 29 29 29 39 18 18 26 16 16 11 11 17 15 15 17 21 21 19 19 12 11 11 7 5 5 3 3 4 5 5 5 
15 15 18 21 21 26 29 29 42 42 47 56 56 66 49 49 50 50 39 25 25 9 8 8 6 6 4 7 7 7 19 19 27 27 27 10 10 10 7 7 5 5 11 13 13 24 
11 11 14 29 29 33 62 62 56 56 59 57 57 64 32 32 73 73 54 43 43 8 5 5 5 5 2 3 3 18 48 48 38 38 41 21 21 8 6 6 6 6 8 19 19 21 
11 11 14 29 29 33 62 62 56 56 59 57 57 64 32 32 73 73 54 43 43 8 5 5 5 5 2 3 3 18 48 48 38 38 41 21 21 8 6 6 6 6 8 19 19 21 
8 8 15 32 32 50 150 150 137 137 119 96 96 64 40 40 33 33 20 47 47 7 4 4 6 6 4 3 3 10 27 27 46 46 58 20 20 14 10 10 7 7 5 7 7 7 
6 6 12 39 39 55 160 160 183 183 115 90 90 66 36 36 39 39 26 54 54 13 4 4 5 5 7 4 4 4 11 11 19 19 27 38 38 23 14 14 9 9 7 7 7 8 
6 6 12 39 39 55 160 160 183 183 115 90 90 66 36 36 39 39 26 54 54 13 4 4 5 5 7 4 4 4 11 11 19 19 27 38 38 23 14 14 9 9 7 7 7 8 
7 7 13 33 33 32 78 78 84 84 103 65 65 67 68 68 42 42 17 65 65 15 6 6 7 7 8 4 4 3 8 8 8 8 12 31 31 29 21 21 15 15 5 9 9 8 
7 7 13 33 33 32 78 78 84 84 103 65 65 67 68 68 42 42 17 65 65 15 6 6 7 7 8 4 4 3 8 8 8 8 12 31 31 29 21 21 15 15 5 9 9 8 
11 11 11 11 11 12 49 49 55 55 105 90 90 97 58 58 3 3 10 35 35 20 13 13 7 7 8 4 4 4 6 6 4 4 8 16 16 22 23 23 15 15 7 6 6 10 
11 11 8 9 9 42 41 41 55 55 87 120 120 14 9 9 4 4 7 9 9 11 20 20 9 9 6 5 5 4 3 3 4 4 4 14 14 20 20 20 14 14 11 7 7 14 
11 11 8 9 9 42 41 41 55 55 87 120 120 14 9 9 4 4 7 9 9 11 20 20 9 9 6 5 5 4 3 3 4 4 4 14 14 20 20 20 14 14 11 7 7 14 
13 13 9 14 14 25 32 32 51 51 82 76 76 53 15 15 9 9 4 4 4 6 28 28 11 11 8 7 7 7 4 4 4 4 5 10 10 16 16 16 44 44 55 6 6 6 
26 26 28 21 21 26 64 64 56 56 69 45 45 46 13 13 5 5 2 2 2 3 15 15 10 10 13 10 10 10 3 3 3 3 3 9 9 12 16 16 32 32 17 9 9 7 
