assets/RAT_results_old/precipitation/2024-10-09_IMERG.asc
ncols        46
nrows        77
xllcorner    74.800261325624
yllcorner    8.058333333333
cellsize     0.062500000000
NODATA_value -9999
22 22 26 26 26 27 31 31 24 24 17 19 19 17 7 7 2 2 2 4 4 3 2 2 1 1 1 0 0 0 0 0 0 0 0 0 0 0 0 0 0 0 0 0 0 1 
25 25 22 23 23 27 29 29 30 30 18 17 17 12 6 6 2 2 1 4 4 3 3 3 2 2 1 0 0 0 0 0 0 0 0 0 0 0 0 0 0 0 0 0 0 0 
25 25 22 23 23 27 29 29 30 30 18 17 17 12 6 6 2 2 1 4 4 3 3 3 2 2 1 0 0 0 0 0 0 0 0 0 0 0 0 0 0 0 0 0 0 0 
19 19 12 10 10 13 12 12 12 12 9 11 11 7 3 3 1 1 2 2 2 3 3 3 3 3 1 0 0 0 0 0 0 0 0 0 0 0 0 0 0 0 0 0 0 0 
21 21 14 12 12 10 9 9 9 9 5 4 4 3 3 3 2 2 3 3 3 1 2 2 2 2 1 0 0 0 0 0 0 0 0 0 0 0 0 0 0 0 0 0 0 0 
21 21 14 12 12 10 9 9 9 9 5 4 4 3 3 3 2 2 3 3 3 1 2 2 2 2 1 0 0 0 0 0 0 0 0 0 0 0 0 0 0 0 0 0 0 0 
22 22 20 14 14 10 6 6 5 5 3 3 3 3 3 3 3 3 5 3 3 0 2 2 1 1 1 0 0 0 0 0 0 0 0 0 0 0 0 0 0 0 0 0 0 0 
22 22 20 14 14 10 6 6 5 5 3 3 3 3 3 3 3 3 5 3 3 0 2 2 1 1 1 0 0 0 0 0 0 0 0 0 0 0 0 0 0 0 0 0 0 0 
34 34 27 18 18 12 6 6 3 3 3 3 3 4 3 3 3 3 5 3 3 0 1 1 1 1 0 1 1 0 0 0 0 0 0 0 0 0 0 0 0 0 0 0 0 0 
53 53 30 25 25 18 10 10 6 6 4 2 2 4 2 2 4 4 5 2 2 0 1 1 1 1 0 1 1 0 0 0 0 0 0 0 0 0 0 0 0 0 0 0 0 1 
53 53 30 25 25 18 10 10 6 6 4 2 2 4 2 2 4 4 5 2 2 0 1 1 1 1 0 1 1 0 0 0 0 0 0 0 0 0 0 0 0 0 0 0 0 1 
64 64 38 38 38 29 14 14 11 11 7 3 3 5 3 3 4 4 5 2 2 0 2 2 1 1 0 0 0 0 0 0 0 0 0 0 0 0 0 0 1 1 1 2 2 1 
66 66 44 38 38 46 31 31 24 24 11 5 5 7 6 6 3 3 5 3 3 2 2 2 2 2 0 0 0 0 0 0 0 0 0 0 0 0 0 0 1 1 4 7 7 8 
66 66 44 38 38 46 31 31 24 24 11 5 5 7 6 6 3 3 5 3 3 2 2 2 2 2 0 0 0 0 0 0 0 0 0 0 0 0 0 0 1 1 4 7 7 8 
71 71 51 46 46 46 50 50 35 35 14 8 8 10 8 8 5 5 5 4 4 3 2 2 2 2 0 1 1 0 0 0 0 0 0 0 0 1 1 1 2 2 3 9 9 13 
71 71 51 46 46 46 50 50 35 35 14 8 8 10 8 8 5 5 5 4 4 3 2 2 2 2 0 1 1 0 0 0 0 0 0 0 0 1 1 1 2 2 3 9 9 13 
75 75 61 60 60 57 57 57 44 44 13 11 11 14 13 13 8 8 5 5 5 3 3 3 3 3 2 3 3 3 2 2 0 0 0 0 0 0 1 1 2 2 2 7 7 8 
77 77 68 77 77 74 56 56 57 57 20 20 20 20 18 18 12 12 6 6 6 4 3 3 3 3 4 5 5 4 2 2 0 0 0 0 0 0 1 1 2 2 3 4 4 3 
77 77 68 77 77 74 56 56 57 57 20 20 20 20 18 18 12 12 6 6 6 4 3 3 3 3 4 5 5 4 2 2 0 0 0 0 0 0 1 1 2 2 3 4 4 3 
82 82 75 85 85 77 63 63 59 59 28 25 25 22 20 20 15 15 8 7 7 5 3 3 3 3 5 4 4 1 1 1 0 0 0 0 0 0 0 0 1 1 5 4 4 2 
97 97 82 90 90 76 71 71 69 69 32 33 33 32 26 26 15 15 10 8 8 6 5 5 4 4 7 4 4 1 2 2 1 1 1 0 0 1 1 1 3 3 5 5 5 2 
97 97 82 90 90 76 71 71 69 69 32 33 33 32 26 26 15 15 10 8 8 6 5 5 4 4 7 4 4 1 2 2 1 1 1 0 0 1 1 1 3 3 5 5 5 2 
109 109 88 88 88 79 75 75 74 74 43 47 47 43 24 24 15 15 12 10 10 6 5 5 4 4 4 2 2 2 4 4 1 1 2 2 2 3 3 3 3 3 5 5 5 5 
109 109 88 88 88 79 75 75 74 74 43 47 47 43 24 24 15 15 12 10 10 6 5 5 4 4 4 2 2 2 4 4 1 1 2 2 2 3 3 3 3 3 5 5 5 5 
115 115 100 93 93 77 72 72 73 73 49 47 47 45 31 31 18 18 15 13 13 8 7 7 6 6 6 4 4 6 7 7 3 3 3 3 3 4 5 5 5 5 6 5 5 6 
102 102 101 107 107 84 68 68 70 70 62 58 58 72 42 42 20 20 16 14 14 10 8 8 7 7 6 7 7 10 8 8 4 4 5 7 7 9 11 11 5 5 8 7 7 6 
102 102 101 107 107 84 68 68 70 70 62 58 58 72 42 42 20 20 16 14 14 10 8 8 7 7 6 7 7 10 8 8 4 4 5 7 7 9 11 11 5 5 8 7 7 6 
79 79 86 94 94 105 81 81 71 71 69 67 67 71 65 65 30 30 18 17 17 10 9 9 10 10 10 13 13 14 14 14 13 13 12 15 15 12 6 6 4 4 9 8 8 7 
62 62 68 87 87 108 107 107 86 86 86 82 82 76 77 77 38 38 26 15 15 13 11 11 11 11 11 16 16 19 22 22 18 18 29 22 22 13 14 14 11 11 13 13 13 11 
62 62 68 87 87 108 107 107 86 86 86 82 82 76 77 77 38 38 26 15 15 13 11 11 11 11 11 16 16 19 22 22 18 18 29 22 22 13 14 14 11 11 13 13 13 11 
56 56 60 77 77 104 118 118 101 101 83 76 76 77 72 72 45 45 32 23 23 17 12 12 10 10 13 17 17 25 27 27 40 40 31 36 36 15 17 17 18 18 26 22 22 19 
56 56 60 77 77 104 118 118 101 101 83 76 76 77 72 72 45 45 32 23 23 17 12 12 10 10 13 17 17 25 27 27 40 40 31 36 36 15 17 17 18 18 26 22 22 19 
45 45 61 68 68 98 105 105 100 100 82 77 77 65 49 49 47 47 47 39 39 32 20 20 13 13 14 23 23 25 28 28 39 39 55 45 45 24 18 18 31 31 29 24 24 25 
35 35 46 60 60 77 84 84 95 95 71 82 82 65 62 62 37 37 41 28 28 30 24 24 14 14 16 21 21 32 29 29 34 34 37 33 33 37 43 43 50 50 51 38 38 44 
35 35 46 60 60 77 84 84 95 95 71 82 82 65 62 62 37 37 41 28 28 30 24 24 14 14 16 21 21 32 29 29 34 34 37 33 33 37 43 43 50 50 51 38 38 44 
31 31 40 49 49 67 73 73 71 71 56 58 58 56 62 62 52 52 41 33 33 38 27 27 30 30 22 20 20 27 32 32 38 38 36 35 35 42 57 57 67 67 58 58 58 23 
26 26 28 39 39 53 68 68 72 72 59 56 56 52 59 59 43 43 34 37 37 45 26 26 33 33 21 21 21 24 27 27 28 28 30 32 32 55 68 68 87 87 77 61 61 19 
26 26 28 39 39 53 68 68 72 72 59 56 56 52 59 59 43 43 34 37 37 45 26 26 33 33 21 21 21 24 27 27 28 28 30 32 32 55 68 68 87 87 77 61 61 19 
25 25 25 28 28 44 66 66 72 72 60 55 55 45 52 52 34 34 29 35 35 43 41 41 36 36 32 24 24 26 19 19 23 23 26 30 30 57 68 68 52 52 70 50 50 41 
25 25 25 28 28 44 66 66 72 72 60 55 55 45 52 52 34 34 29 35 35 43 41 41 36 36 32 24 24 26 19 19 23 23 26 30 30 57 68 68 52 52 70 50 50 41 
25 25 24 23 23 36 56 56 66 66 59 40 40 32 40 40 30 30 16 22 22 35 32 32 33 33 35 24 24 13 11 11 15 15 22 21 21 21 20 20 24 24 54 34 34 26 
21 21 21 29 29 35 44 44 53 53 38 34 34 27 30 30 26 26 20 19 19 28 27 27 27 27 27 24 24 11 10 10 15 15 20 13 13 10 31 31 35 35 29 29 29 28 
21 21 21 29 29 35 44 44 53 53 38 34 34 27 30 30 26 26 20 19 19 28 27 27 27 27 27 24 24 11 10 10 15 15 20 13 13 10 31 31 35 35 29 29 29 28 
12 12 14 14 14 21 27 27 36 36 34 37 37 30 31 31 29 29 33 31 31 29 22 22 22 22 16 18 18 9 10 10 15 15 16 11 11 26 32 32 31 31 27 21 21 21 
14 14 13 11 11 17 21 21 30 30 31 31 31 32 38 38 39 39 39 36 36 26 19 19 18 18 14 17 17 10 7 7 9 9 14 13 13 15 27 27 28 28 27 19 19 20 
14 14 13 11 11 17 21 21 30 30 31 31 31 32 38 38 39 39 39 36 36 26 19 19 18 18 14 17 17 10 7 7 9 9 14 13 13 15 27 27 28 28 27 19 19 20 
11 11 12 9 9 12 16 16 23 23 24 25 25 23 23 23 33 33 43 45 45 51 31 31 16 16 11 13 13 14 9 9 12 12 15 18 18 21 33 33 18 18 19 10 10 11 
11 11 12 9 9 12 16 16 23 23 24 25 25 23 23 23 33 33 43 45 45 51 31 31 16 16 11 13 13 14 9 9 12 12 15 18 18 21 33 33 18 18 19 10 10 11 
13 13 11 9 9 11 17 17 23 23 22 23 23 20 19 19 28 28 39 50 50 40 15 15 16 16 14 16 16 16 12 12 14 14 16 19 19 23 21 21 13 13 14 9 9 7 
12 12 7 6 6 9 16 16 22 22 21 23 23 17 14 14 22 22 36 47 47 27 23 23 26 26 17 24 24 27 17 17 15 15 17 18 18 16 16 16 10 10 16 7 7 12 
12 12 7 6 6 9 16 16 22 22 21 23 23 17 14 14 22 22 36 47 47 27 23 23 26 26 17 24 24 27 17 17 15 15 17 18 18 16 16 16 10 10 16 7 7 12 
9 9 6 6 6 8 16 16 19 19 18 22 22 18 22 22 24 24 46 45 45 35 38 38 29 29 27 19 19 22 21 21 18 18 22 16 16 14 16 16 12 12 19 11 11 9 
10 10 7 7 7 8 16 16 15 15 12 15 15 15 14 14 19 19 49 34 34 16 26 26 36 36 25 17 17 17 20 20 23 23 35 29 29 19 19 19 17 17 17 14 14 8 
10 10 7 7 7 8 16 16 15 15 12 15 15 15 14 14 19 19 49 34 34 16 26 26 36 36 25 17 17 17 20 20 23 23 35 29 29 19 19 19 17 17 17 14 14 8 
9 9 7 8 8 10 15 15 15 15 11 13 13 15 18 18 26 26 55 47 47 26 23 23 26 26 14 15 15 15 21 21 20 20 32 30 30 21 22 22 21 21 16 9 9 8 
9 9 7 8 8 10 15 15 15 15 11 13 13 15 18 18 26 26 55 47 47 26 23 23 26 26 14 15 15 15 21 21 20 20 32 30 30 21 22 22 21 21 16 9 9 8 
6 6 7 9 9 11 14 14 15 15 14 15 15 18 19 19 29 29 50 36 36 32 24 24 20 20 18 17 17 19 22 22 20 20 24 32 32 28 23 23 24 24 15 11 11 6 
6 6 6 9 9 12 13 13 16 16 20 20 20 17 22 22 33 33 55 41 41 30 21 21 25 25 20 16 16 17 20 20 23 23 30 34 34 41 40 40 39 39 21 9 9 6 
6 6 6 9 9 12 13 13 16 16 20 20 20 17 22 22 33 33 55 41 41 30 21 21 25 25 20 16 16 17 20 20 23 23 30 34 34 41 40 40 39 39 21 9 9 6 
5 5 5 7 7 10 12 12 15 15 18 14 14 18 21 21 38 38 58 46 46 37 40 40 27 27 29 25 25 23 25 25 37 37 54 49 49 45 49 49 46 46 35 19 19 24 
4 4 3 5 5 10 13 13 16 16 17 16 16 17 24 24 49 49 73 64 64 49 37 37 36 36 45 38 38 22 24 24 46 46 47 50 50 50 50 50 43 43 44 36 36 33 
4 4 3 5 5 10 13 13 16 16 17 16 16 17 24 24 49 49 73 64 64 49 37 37 36 36 45 38 38 22 24 24 46 46 47 50 50 50 50 50 43 43 44 36 36 33 
3 3 4 7 7 11 15 15 19 19 17 16 16 16 26 26 61 61 73 64 64 45 43 43 30 30 31 31 31 32 24 24 32 32 44 42 42 48 47 47 50 50 42 52 52 51 
3 3 4 7 7 11 15 15 19 19 17 16 16 16 26 26 61 61 73 64 64 45 43 43 30 30 31 31 31 32 24 24 32 32 44 42 42 48 47 47 50 50 42 52 52 51 
4 4 5 10 10 12 16 16 21 21 21 19 19 21 36 36 61 61 71 62 62 52 55 55 42 42 37 41 41 35 22 22 26 26 27 38 38 33 42 42 58 58 49 50 50 47 
3 3 5 10 10 13 20 20 29 29 26 24 24 22 44 44 58 58 69 70 70 67 57 57 46 46 45 34 34 29 30 30 32 32 29 29 29 23 22 22 31 31 26 22 22 22 
3 3 5 10 10 13 20 20 29 29 26 24 24 22 44 44 58 58 69 70 70 67 57 57 46 46 45 34 34 29 30 30 32 32 29 29 29 23 22 22 31 31 26 22 22 22 
5 5 6 13 13 15 28 28 33 33 29 27 27 28 30 30 49 49 57 60 60 59 72 72 94 94 69 49 49 55 37 37 26 26 18 20 20 17 15 15 16 16 12 9 9 9 
14 14 16 18 18 18 29 29 32 32 31 29 29 31 35 35 42 42 57 46 46 54 68 68 69 69 70 65 65 29 41 41 21 21 12 11 11 9 10 10 7 7 6 3 3 2 
14 14 16 18 18 18 29 29 32 32 31 29 29 31 35 35 42 42 57 46 46 54 68 68 69 69 70 65 65 29 41 41 21 21 12 11 11 9 10 10 7 7 6 3 3 2 
23 23 22 24 24 22 26 26 30 30 30 36 36 38 35 35 40 40 46 37 37 44 52 52 59 59 69 49 49 32 37 37 25 25 14 15 15 9 10 10 5 5 3 0 0 0 
23 23 22 24 24 22 26 26 30 30 30 36 36 38 35 35 40 40 46 37 37 44 52 52 59 59 69 49 49 32 37 37 25 25 14 15 15 9 10 10 5 5 3 0 0 0 
20 20 18 15 15 17 22 22 25 25 32 35 35 39 32 32 27 27 26 30 30 27 31 31 31 31 30 42 42 38 33 33 15 15 18 18 18 11 10 10 5 5 2 0 0 0 
10 10 10 12 12 13 21 21 21 21 26 29 29 29 23 23 20 20 18 21 21 23 23 23 20 20 26 41 41 38 35 35 33 33 30 27 27 24 13 13 10 10 5 1 1 1 
10 10 10 12 12 13 21 21 21 21 26 29 29 29 23 23 20 20 18 21 21 23 23 23 20 20 26 41 41 38 35 35 33 33 30 27 27 24 13 13 10 10 5 1 1 1 
15 15 16 16 16 18 19 19 18 18 20 22 22 20 17 17 15 15 15 20 20 28 28 28 36 36 30 38 38 38 61 61 63 63 61 44 44 23 14 14 8 8 6 5 5 3 
19 19 17 16 16 19 21 21 22 22 24 30 30 29 22 22 17 17 21 25 25 27 26 26 20 20 18 17 17 41 60 60 63 63 59 41 41 23 25 25 24 24 22 3 3 5 
