assets/RAT_results_old/precipitation/2024-05-11_IMERG.asc
ncols        46
nrows        77
xllcorner    74.800261325624
yllcorner    8.058333333333
cellsize     0.062500000000
NODATA_value -9999
0 0 1 3 3 6 13 13 22 22 23 24 24 23 16 16 11 11 6 5 5 4 3 3 2 2 1 0 0 0 0 0 0 0 0 0 0 0 0 0 0 0 0 0 0 0 
1 1 3 7 7 11 18 18 28 28 37 30 30 26 20 20 13 13 10 8 8 6 3 3 1 1 0 0 0 0 0 0 0 0 0 0 0 0 0 0 0 0 0 0 0 0 
1 1 3 7 7 11 18 18 28 28 37 30 30 26 20 20 13 13 10 8 8 6 3 3 1 1 0 0 0 0 0 0 0 0 0 0 0 0 0 0 0 0 0 0 0 0 
3 3 6 12 12 18 25 25 36 36 48 43 43 30 26 26 23 23 18 12 12 6 2 2 1 1 0 0 0 0 0 0 0 0 0 0 0 0 1 1 1 1 1 1 1 0 
2 2 6 14 14 23 31 31 36 36 35 40 40 26 22 22 26 26 23 16 16 7 2 2 0 0 0 0 0 0 0 0 0 0 0 0 0 0 1 1 1 1 1 0 0 0 
2 2 6 14 14 23 31 31 36 36 35 40 40 26 22 22 26 26 23 16 16 7 2 2 0 0 0 0 0 0 0 0 0 0 0 0 0 0 1 1 1 1 1 0 0 0 
2 2 3 8 8 16 21 21 23 23 20 21 21 16 13 13 12 12 11 8 8 4 1 1 0 0 0 0 0 0 0 0 0 0 0 0 0 0 0 0 1 1 1 0 0 0 
2 2 3 8 8 16 21 21 23 23 20 21 21 16 13 13 12 12 11 8 8 4 1 1 0 0 0 0 0 0 0 0 0 0 0 0 0 0 0 0 1 1 1 0 0 0 
1 1 2 5 5 10 13 13 13 13 12 12 12 11 8 8 6 6 5 3 3 2 1 1 0 0 0 0 0 0 0 0 0 0 0 0 0 0 0 0 1 1 0 0 0 0 
1 1 3 7 7 11 13 13 12 12 9 8 8 10 11 11 8 8 5 2 2 2 1 1 1 1 0 0 0 0 0 0 0 0 0 0 0 0 0 0 0 0 0 1 1 0 
1 1 3 7 7 11 13 13 12 12 9 8 8 10 11 11 8 8 5 2 2 2 1 1 1 1 0 0 0 0 0 0 0 0 0 0 0 0 0 0 0 0 0 1 1 0 
2 2 5 12 12 11 12 12 16 16 12 9 9 10 12 12 7 7 6 5 5 3 2 2 1 1 1 1 1 1 0 0 0 0 0 0 0 0 0 0 0 0 0 1 1 0 
2 2 4 10 10 10 13 13 24 24 18 12 12 11 11 11 8 8 8 7 7 4 3 3 2 2 2 1 1 1 1 1 1 1 15 27 27 18 6 6 0 0 0 0 0 0 
2 2 4 10 10 10 13 13 24 24 18 12 12 11 11 11 8 8 8 7 7 4 3 3 2 2 2 1 1 1 1 1 1 1 15 27 27 18 6 6 0 0 0 0 0 0 
2 2 4 9 9 9 9 9 13 13 16 17 17 13 12 12 10 10 9 8 8 5 4 4 4 4 5 6 6 3 6 6 19 19 85 40 40 34 18 18 9 9 0 0 0 1 
2 2 4 9 9 9 9 9 13 13 16 17 17 13 12 12 10 10 9 8 8 5 4 4 4 4 5 6 6 3 6 6 19 19 85 40 40 34 18 18 9 9 0 0 0 1 
2 2 2 5 5 7 6 6 7 7 9 11 11 13 10 10 11 11 11 10 10 7 6 6 11 11 11 10 10 4 3 3 11 11 41 22 22 25 15 15 11 11 0 0 0 2 
2 2 1 3 3 6 6 6 5 5 6 7 7 10 10 10 12 12 14 14 14 12 114 114 31 31 26 23 23 16 9 9 14 14 18 15 15 22 5 5 4 4 0 1 1 5 
2 2 1 3 3 6 6 6 5 5 6 7 7 10 10 10 12 12 14 14 14 12 114 114 31 31 26 23 23 16 9 9 14 14 18 15 15 22 5 5 4 4 0 1 1 5 
2 2 1 3 3 5 7 7 5 5 6 7 7 12 9 9 17 17 16 14 14 11 68 68 15 15 23 29 29 19 3 3 1 1 0 1 1 2 4 4 5 5 0 3 3 10 
1 1 1 4 4 7 7 7 4 4 4 4 4 9 13 13 18 18 15 17 17 10 5 5 11 11 22 18 18 8 4 4 1 1 1 0 0 0 0 0 0 0 1 3 3 6 
1 1 1 4 4 7 7 7 4 4 4 4 4 9 13 13 18 18 15 17 17 10 5 5 11 11 22 18 18 8 4 4 1 1 1 0 0 0 0 0 0 0 1 3 3 6 
1 1 1 2 2 5 6 6 6 6 3 3 3 7 9 9 9 9 9 12 12 7 6 6 11 11 2 3 3 2 1 1 4 4 1 0 0 0 0 0 0 0 0 1 1 2 
1 1 1 2 2 5 6 6 6 6 3 3 3 7 9 9 9 9 9 12 12 7 6 6 11 11 2 3 3 2 1 1 4 4 1 0 0 0 0 0 0 0 0 1 1 2 
1 1 1 1 1 3 4 4 5 5 3 2 2 1 4 4 3 3 7 9 9 4 5 5 4 4 2 2 2 2 2 2 2 2 1 0 0 0 0 0 0 0 0 0 0 1 
2 2 1 2 2 3 4 4 5 5 3 2 2 3 11 11 11 11 15 12 12 6 6 6 5 5 8 7 7 5 4 4 5 5 4 1 1 0 0 0 0 0 0 1 1 1 
2 2 1 2 2 3 4 4 5 5 3 2 2 3 11 11 11 11 15 12 12 6 6 6 5 5 8 7 7 5 4 4 5 5 4 1 1 0 0 0 0 0 0 1 1 1 
2 2 2 2 2 3 5 5 5 5 6 7 7 9 15 15 13 13 16 16 16 15 10 10 8 8 10 11 11 12 10 10 15 15 9 3 3 1 1 1 0 0 0 0 0 0 
2 2 2 3 3 5 6 6 6 6 6 67 67 29 30 30 29 29 21 17 17 17 15 15 11 11 10 16 16 23 21 21 10 10 8 4 4 3 1 1 1 1 0 0 0 0 
2 2 2 3 3 5 6 6 6 6 6 67 67 29 30 30 29 29 21 17 17 17 15 15 11 11 10 16 16 23 21 21 10 10 8 4 4 3 1 1 1 1 0 0 0 0 
16 16 15 3 3 4 5 5 5 5 5 62 62 28 52 52 29 29 26 28 28 19 15 15 11 11 12 23 23 26 19 19 9 9 8 5 5 4 2 2 1 1 0 0 0 0 
16 16 15 3 3 4 5 5 5 5 5 62 62 28 52 52 29 29 26 28 28 19 15 15 11 11 12 23 23 26 19 19 9 9 8 5 5 4 2 2 1 1 0 0 0 0 
3 3 16 3 3 8 5 5 4 4 49 62 62 49 50 50 30 30 27 26 26 15 11 11 11 11 11 21 21 17 13 13 11 11 10 9 9 7 3 3 1 1 0 0 0 0 
3 3 3 8 8 21 15 15 47 47 48 58 58 62 65 65 49 49 41 25 25 17 20 20 20 20 12 9 9 21 15 15 12 12 10 9 9 4 2 2 1 1 0 0 0 0 
3 3 3 8 8 21 15 15 47 47 48 58 58 62 65 65 49 49 41 25 25 17 20 20 20 20 12 9 9 21 15 15 12 12 10 9 9 4 2 2 1 1 0 0 0 0 
2 2 3 4 4 17 16 16 4 4 50 56 56 60 63 63 48 48 16 15 15 13 20 20 13 13 6 3 3 11 5 5 5 5 5 7 7 4 1 1 0 0 0 0 0 0 
2 2 2 20 20 17 18 18 3 3 49 60 60 21 4 4 16 16 16 14 14 10 10 10 5 5 2 1 1 2 2 2 2 2 3 5 5 3 1 1 0 0 0 0 0 0 
2 2 2 20 20 17 18 18 3 3 49 60 60 21 4 4 16 16 16 14 14 10 10 10 5 5 2 1 1 2 2 2 2 2 3 5 5 3 1 1 0 0 0 0 0 0 
10 10 18 20 20 20 17 17 9 9 55 60 60 23 4 4 4 4 5 8 8 9 9 9 4 4 2 2 2 10 2 2 3 3 5 12 12 5 1 1 0 0 0 0 0 0 
10 10 18 20 20 20 17 17 9 9 55 60 60 23 4 4 4 4 5 8 8 9 9 9 4 4 2 2 2 10 2 2 3 3 5 12 12 5 1 1 0 0 0 0 0 0 
63 63 80 24 24 19 9 9 8 8 2 3 3 5 4 4 4 4 4 5 5 6 10 10 5 5 3 11 11 11 6 6 2 2 2 5 5 2 0 0 2 2 0 0 0 4 
18 18 19 23 23 18 1 1 2 2 15 16 16 4 5 5 6 6 6 6 6 5 10 10 8 8 4 5 5 4 6 6 2 2 1 3 3 8 14 14 4 4 4 2 2 0 
18 18 19 23 23 18 1 1 2 2 15 16 16 4 5 5 6 6 6 6 6 5 10 10 8 8 4 5 5 4 6 6 2 2 1 3 3 8 14 14 4 4 4 2 2 0 
1 1 2 3 3 3 20 20 22 22 40 45 45 36 16 16 7 7 7 4 4 6 8 8 9 9 6 5 5 5 3 3 2 2 5 12 12 7 7 7 4 4 1 2 2 1 
1 1 1 0 0 1 0 0 35 35 43 45 45 41 19 19 10 10 11 8 8 6 5 5 7 7 9 10 10 7 5 5 9 9 15 15 15 13 1 1 0 0 1 2 2 2 
1 1 1 0 0 1 0 0 35 35 43 45 45 41 19 19 10 10 11 8 8 6 5 5 7 7 9 10 10 7 5 5 9 9 15 15 15 13 1 1 0 0 1 2 2 2 
1 1 1 1 1 1 0 0 6 6 52 58 58 60 25 25 27 27 19 10 10 8 6 6 8 8 13 14 14 9 5 5 3 3 9 10 10 10 1 1 1 1 1 1 1 1 
1 1 1 1 1 1 0 0 6 6 52 58 58 60 25 25 27 27 19 10 10 8 6 6 8 8 13 14 14 9 5 5 3 3 9 10 10 10 1 1 1 1 1 1 1 1 
2 2 2 1 1 1 1 1 6 6 22 24 24 59 25 25 25 25 18 7 7 7 5 5 7 7 10 14 14 13 6 6 6 6 3 3 3 3 7 7 5 5 1 0 0 0 
2 2 1 1 1 1 1 1 16 16 16 9 9 25 13 13 15 15 4 4 4 4 5 5 6 6 8 12 12 14 6 6 5 5 3 2 2 1 5 5 3 3 1 0 0 0 
2 2 1 1 1 1 1 1 16 16 16 9 9 25 13 13 15 15 4 4 4 4 5 5 6 6 8 12 12 14 6 6 5 5 3 2 2 1 5 5 3 3 1 0 0 0 
1 1 1 1 1 16 1 1 0 0 0 1 1 2 2 2 3 3 3 3 3 4 4 4 5 5 6 8 8 8 4 4 3 3 5 2 2 0 1 1 0 0 0 0 0 0 
2 2 10 25 25 16 4 4 4 4 0 1 1 2 2 2 74 74 2 2 2 2 2 2 3 3 3 4 4 3 2 2 3 3 9 7 7 2 1 1 1 1 0 0 0 0 
2 2 10 25 25 16 4 4 4 4 0 1 1 2 2 2 74 74 2 2 2 2 2 2 3 3 3 4 4 3 2 2 3 3 9 7 7 2 1 1 1 1 0 0 0 0 
10 10 4 21 21 12 0 0 1 1 1 1 1 2 3 3 4 4 2 2 2 2 2 2 2 2 3 4 4 3 1 1 0 0 3 4 4 4 7 7 13 13 12 13 13 0 
10 10 4 21 21 12 0 0 1 1 1 1 1 2 3 3 4 4 2 2 2 2 2 2 2 2 3 4 4 3 1 1 0 0 3 4 4 4 7 7 13 13 12 13 13 0 
10 10 4 0 0 12 0 0 0 0 4 5 5 5 6 6 3 3 2 2 2 5 5 5 3 3 5 13 13 12 4 4 1 1 1 3 3 4 7 7 13 13 12 9 9 8 
4 4 4 0 0 0 0 0 0 0 4 5 5 6 5 5 3 3 2 2 2 5 6 6 6 6 7 15 15 14 6 6 3 3 4 3 3 7 5 5 6 6 7 9 9 8 
4 4 4 0 0 0 0 0 0 0 4 5 5 6 5 5 3 3 2 2 2 5 6 6 6 6 7 15 15 14 6 6 3 3 4 3 3 7 5 5 6 6 7 9 9 8 
0 0 0 0 0 0 0 0 0 0 1 2 2 2 3 3 3 3 2 2 2 2 5 5 5 5 5 9 9 10 6 6 4 4 5 4 4 8 5 5 3 3 4 3 3 2 
0 0 0 0 0 0 0 0 0 0 0 1 1 1 2 2 2 2 2 2 2 1 76 76 18 18 19 4 4 4 5 5 5 5 4 3 3 3 4 4 5 5 5 1 1 2 
0 0 0 0 0 0 0 0 0 0 0 1 1 1 2 2 2 2 2 2 2 1 76 76 18 18 19 4 4 4 5 5 5 5 4 3 3 3 4 4 5 5 5 1 1 2 
0 0 0 0 0 0 0 0 0 0 0 0 0 1 2 2 2 2 3 3 3 3 76 76 25 25 38 10 10 10 3 3 3 3 3 2 2 2 3 3 3 3 2 1 1 2 
0 0 0 0 0 0 0 0 0 0 0 0 0 1 2 2 2 2 3 3 3 3 76 76 25 25 38 10 10 10 3 3 3 3 3 2 2 2 3 3 3 3 2 1 1 2 
0 0 0 0 0 0 0 0 0 0 0 0 0 0 1 1 2 2 4 37 37 38 25 25 25 25 38 9 9 10 4 4 3 3 3 2 2 2 2 2 2 2 1 0 0 0 
0 0 0 0 0 0 0 0 0 0 0 0 0 0 1 1 1 1 2 37 37 37 3 3 4 4 51 56 56 34 3 3 3 3 3 3 3 2 1 1 0 0 0 0 0 0 
0 0 0 0 0 0 0 0 0 0 0 0 0 0 1 1 1 1 2 37 37 37 3 3 4 4 51 56 56 34 3 3 3 3 3 3 3 2 1 1 0 0 0 0 0 0 
0 0 0 0 0 0 0 0 0 0 0 0 0 0 1 1 1 1 1 1 1 2 3 3 4 4 52 56 56 4 1 1 3 3 4 4 4 3 2 2 1 1 0 0 0 0 
0 0 0 0 0 0 0 0 0 0 0 0 0 0 0 0 1 1 1 1 1 0 1 1 2 2 7 7 7 3 1 1 4 4 6 6 6 6 5 5 2 2 0 0 0 0 
0 0 0 0 0 0 0 0 0 0 0 0 0 0 0 0 1 1 1 1 1 0 1 1 2 2 7 7 7 3 1 1 4 4 6 6 6 6 5 5 2 2 0 0 0 0 
0 0 0 0 0 0 0 0 0 0 0 0 0 0 0 0 0 0 1 1 1 1 1 1 2 2 1 2 2 3 4 4 4 4 6 8 8 9 11 11 6 6 1 0 0 0 
0 0 0 0 0 0 0 0 0 0 0 0 0 0 0 0 0 0 1 1 1 1 1 1 2 2 1 2 2 3 4 4 4 4 6 8 8 9 11 11 6 6 1 0 0 0 
0 0 0 0 0 0 0 0 0 0 0 0 0 0 0 0 1 1 1 2 2 1 1 1 0 0 1 2 2 3 2 2 3 3 7 8 8 8 9 9 5 5 1 0 0 0 
0 0 0 0 0 0 0 0 0 0 0 0 0 0 0 0 0 0 1 2 2 1 0 0 0 0 0 1 1 1 1 1 1 1 4 4 4 3 3 3 2 2 1 0 0 0 
0 0 0 0 0 0 0 0 0 0 0 0 0 0 0 0 0 0 1 2 2 1 0 0 0 0 0 1 1 1 1 1 1 1 4 4 4 3 3 3 2 2 1 0 0 0 
0 0 0 0 0 0 0 0 0 0 1 0 0 0 0 0 0 0 0 1 1 1 1 1 0 0 0 0 0 0 0 0 1 1 1 1 1 1 1 1 1 1 1 1 1 1 
0 0 0 0 0 0 0 0 0 0 1 1 1 0 0 0 0 0 1 1 1 1 1 1 1 1 1 1 1 1 0 0 0 0 1 0 0 0 1 1 1 1 2 2 2 4 
