assets/RAT_results_old/precipitation/2024-10-13_IMERG.asc
ncols        46
nrows        77
xllcorner    74.800261325624
yllcorner    8.058333333333
cellsize     0.062500000000
NODATA_value -9999
6 6 6 9 9 10 11 11 20 20 19 22 22 5 4 4 6 6 5 6 6 7 7 7 10 10 28 18 18 6 2 2 1 1 2 3 3 4 4 4 6 6 4 2 2 2 
8 8 8 9 9 17 24 24 23 23 42 28 28 9 8 8 6 6 4 5 5 4 5 5 8 8 9 22 22 6 1 1 2 2 3 3 3 3 2 2 3 3 3 3 3 4 
8 8 8 9 9 17 24 24 23 23 42 28 28 9 8 8 6 6 4 5 5 4 5 5 8 8 9 22 22 6 1 1 2 2 3 3 3 3 2 2 3 3 3 3 3 4 
11 11 10 12 12 16 15 15 22 22 33 38 38 13 10 10 9 9 5 5 5 3 2 2 2 2 4 9 9 21 8 8 3 3 3 3 3 4 5 5 4 4 4 5 5 6 
3 3 4 7 7 8 6 6 9 9 11 24 24 18 16 16 17 17 8 6 6 3 3 3 3 3 2 9 9 17 13 13 5 5 3 3 3 4 6 6 7 7 6 8 8 10 
3 3 4 7 7 8 6 6 9 9 11 24 24 18 16 16 17 17 8 6 6 3 3 3 3 3 2 9 9 17 13 13 5 5 3 3 3 4 6 6 7 7 6 8 8 10 
2 2 2 6 6 9 5 5 4 4 6 10 10 16 18 18 5 5 6 5 5 2 3 3 2 2 1 3 3 5 3 3 7 7 2 1 1 2 4 4 6 6 8 7 7 7 
2 2 2 6 6 9 5 5 4 4 6 10 10 16 18 18 5 5 6 5 5 2 3 3 2 2 1 3 3 5 3 3 7 7 2 1 1 2 4 4 6 6 8 7 7 7 
1 1 3 8 8 16 44 44 21 21 2 3 3 1 1 1 1 1 1 2 2 2 1 1 1 1 1 0 0 0 0 0 1 1 0 0 0 5 3 3 6 6 8 8 8 7 
1 1 2 5 5 11 24 24 8 8 1 1 1 2 1 1 2 2 1 5 5 4 1 1 0 0 0 0 0 0 0 0 0 0 0 0 0 0 1 1 1 1 4 4 4 2 
1 1 2 5 5 11 24 24 8 8 1 1 1 2 1 1 2 2 1 5 5 4 1 1 0 0 0 0 0 0 0 0 0 0 0 0 0 0 1 1 1 1 4 4 4 2 
1 1 1 2 2 2 3 3 1 1 1 1 1 1 1 1 1 1 2 16 16 15 11 11 1 1 0 0 0 0 0 0 0 0 0 0 0 0 1 1 1 1 2 1 1 1 
5 5 5 2 2 4 4 4 2 2 1 1 1 1 3 3 3 3 7 17 17 15 12 12 7 7 1 0 0 1 1 1 1 1 2 3 3 2 2 2 1 1 1 1 1 1 
5 5 5 2 2 4 4 4 2 2 1 1 1 1 3 3 3 3 7 17 17 15 12 12 7 7 1 0 0 1 1 1 1 1 2 3 3 2 2 2 1 1 1 1 1 1 
5 5 4 2 2 2 3 3 3 3 1 2 2 1 2 2 1 1 3 7 7 11 14 14 8 8 3 3 3 2 2 2 3 3 4 6 6 5 4 4 4 4 4 2 2 2 
5 5 4 2 2 2 3 3 3 3 1 2 2 1 2 2 1 1 3 7 7 11 14 14 8 8 3 3 3 2 2 2 3 3 4 6 6 5 4 4 4 4 4 2 2 2 
8 8 6 2 2 2 1 1 1 1 2 3 3 1 1 1 3 3 6 10 10 9 10 10 8 8 15 3 3 3 3 3 3 3 5 6 6 7 6 6 8 8 5 4 4 4 
11 11 6 2 2 2 5 5 5 5 3 5 5 4 4 4 5 5 7 6 6 6 9 9 9 9 7 2 2 2 2 2 4 4 4 5 5 7 7 7 7 7 6 6 6 7 
11 11 6 2 2 2 5 5 5 5 3 5 5 4 4 4 5 5 7 6 6 6 9 9 9 9 7 2 2 2 2 2 4 4 4 5 5 7 7 7 7 7 6 6 6 7 
9 9 6 4 4 3 2 2 3 3 4 9 9 9 12 12 12 12 14 11 11 7 8 8 10 10 9 7 7 3 4 4 4 4 4 3 3 5 8 8 5 5 6 6 6 9 
7 7 4 4 4 4 4 4 5 5 9 15 15 16 18 18 13 13 14 10 10 6 4 4 7 7 1 2 2 2 3 3 2 2 1 1 1 2 10 10 3 3 2 3 3 5 
7 7 4 4 4 4 4 4 5 5 9 15 15 16 18 18 13 13 14 10 10 6 4 4 7 7 1 2 2 2 3 3 2 2 1 1 1 2 10 10 3 3 2 3 3 5 
9 9 7 6 6 6 7 7 7 7 10 14 14 15 15 15 15 15 13 10 10 5 9 9 6 6 5 5 5 5 3 3 2 2 11 14 14 11 8 8 4 4 2 2 2 5 
9 9 7 6 6 6 7 7 7 7 10 14 14 15 15 15 15 15 13 10 10 5 9 9 6 6 5 5 5 5 3 3 2 2 11 14 14 11 8 8 4 4 2 2 2 5 
7 7 6 7 7 8 9 9 11 11 11 10 10 14 18 18 20 20 21 20 20 13 16 16 9 9 12 9 9 9 5 5 4 4 4 10 10 11 8 8 13 13 10 10 10 7 
8 8 8 9 9 10 11 11 10 10 11 11 11 14 18 18 25 25 35 73 73 37 32 32 17 17 14 10 10 8 7 7 5 5 5 6 6 8 11 11 12 12 18 14 14 15 
8 8 8 9 9 10 11 11 10 10 11 11 11 14 18 18 25 25 35 73 73 37 32 32 17 17 14 10 10 8 7 7 5 5 5 6 6 8 11 11 12 12 18 14 14 15 
9 9 18 11 11 12 11 11 11 11 9 7 7 9 13 13 18 18 24 40 40 30 36 36 24 24 20 20 20 12 8 8 7 7 6 5 5 6 7 7 8 8 14 13 13 16 
17 17 21 14 14 14 11 11 9 9 8 6 6 5 6 6 10 10 11 15 15 18 25 25 30 30 32 26 26 13 10 10 10 10 9 7 7 4 3 3 7 7 7 9 9 14 
17 17 21 14 14 14 11 11 9 9 8 6 6 5 6 6 10 10 11 15 15 18 25 25 30 30 32 26 26 13 10 10 10 10 9 7 7 4 3 3 7 7 7 9 9 14 
40 40 54 17 17 17 13 13 11 11 8 7 7 10 10 10 7 7 8 10 10 16 21 21 24 24 32 25 25 17 11 11 11 11 10 10 10 8 7 7 9 9 10 7 7 7 
40 40 54 17 17 17 13 13 11 11 8 7 7 10 10 10 7 7 8 10 10 16 21 21 24 24 32 25 25 17 11 11 11 11 10 10 10 8 7 7 9 9 10 7 7 7 
34 34 39 49 49 20 23 23 20 20 28 17 17 9 9 9 7 7 8 7 7 11 14 14 17 17 23 23 23 16 20 20 17 17 14 14 14 14 16 16 18 18 19 20 20 20 
39 39 44 45 45 25 28 28 28 28 21 15 15 19 18 18 10 10 15 11 11 11 9 9 11 11 16 25 25 27 30 30 24 24 21 17 17 19 20 20 20 20 21 22 22 22 
39 39 44 45 45 25 28 28 28 28 21 15 15 19 18 18 10 10 15 11 11 11 9 9 11 11 16 25 25 27 30 30 24 24 21 17 17 19 20 20 20 20 21 22 22 22 
41 41 27 25 25 26 29 29 30 30 25 15 15 18 14 14 20 20 16 12 12 14 9 9 10 10 13 18 18 28 39 39 34 34 19 13 13 12 13 13 16 16 17 17 17 16 
31 31 22 37 37 51 40 40 31 31 17 19 19 17 14 14 17 17 10 16 16 15 11 11 10 10 8 10 10 22 28 28 24 24 9 8 8 9 10 10 10 10 9 8 8 6 
31 31 22 37 37 51 40 40 31 31 17 19 19 17 14 14 17 17 10 16 16 15 11 11 10 10 8 10 10 22 28 28 24 24 9 8 8 9 10 10 10 10 9 8 8 6 
15 15 20 27 27 22 19 19 28 28 30 33 33 30 35 35 24 24 20 17 17 12 8 8 7 7 9 11 11 18 27 27 17 17 14 10 10 6 7 7 7 7 7 10 10 9 
15 15 20 27 27 22 19 19 28 28 30 33 33 30 35 35 24 24 20 17 17 12 8 8 7 7 9 11 11 18 27 27 17 17 14 10 10 6 7 7 7 7 7 10 10 9 
9 9 10 13 13 15 15 15 18 18 24 30 30 26 26 26 20 20 10 14 14 13 14 14 7 7 8 10 10 17 21 21 22 22 25 17 17 14 15 15 17 17 19 18 18 19 
10 10 10 12 12 13 13 13 14 14 16 12 12 13 14 14 10 10 9 6 6 9 9 9 5 5 6 6 6 11 17 17 20 20 21 24 24 18 23 23 20 20 18 16 16 19 
10 10 10 12 12 13 13 13 14 14 16 12 12 13 14 14 10 10 9 6 6 9 9 9 5 5 6 6 6 11 17 17 20 20 21 24 24 18 23 23 20 20 18 16 16 19 
9 9 10 7 7 8 9 9 10 10 7 9 9 7 7 7 7 7 8 12 12 11 12 12 6 6 6 6 6 7 8 8 12 12 15 25 25 25 30 30 28 28 25 21 21 23 
9 9 11 7 7 6 9 9 8 8 7 11 11 8 8 8 7 7 7 8 8 15 13 13 8 8 7 5 5 7 7 7 10 10 13 24 24 23 27 27 27 27 22 20 20 21 
9 9 11 7 7 6 9 9 8 8 7 11 11 8 8 8 7 7 7 8 8 15 13 13 8 8 7 5 5 7 7 7 10 10 13 24 24 23 27 27 27 27 22 20 20 21 
10 10 15 16 16 15 15 15 9 9 6 10 10 7 9 9 18 18 17 18 18 16 15 15 17 17 7 6 6 6 4 4 4 4 5 9 9 12 17 17 17 17 19 18 18 18 
10 10 15 16 16 15 15 15 9 9 6 10 10 7 9 9 18 18 17 18 18 16 15 15 17 17 7 6 6 6 4 4 4 4 5 9 9 12 17 17 17 17 19 18 18 18 
7 7 8 10 10 8 10 10 13 13 10 9 9 5 8 8 11 11 8 5 5 7 6 6 12 12 5 4 4 4 4 4 6 6 6 4 4 6 6 6 6 6 9 11 11 16 
1 1 3 4 4 3 8 8 10 10 5 10 10 6 5 5 5 5 5 4 4 5 8 8 11 11 7 8 8 8 7 7 9 9 8 4 4 7 8 8 7 7 8 9 9 13 
1 1 3 4 4 3 8 8 10 10 5 10 10 6 5 5 5 5 5 4 4 5 8 8 11 11 7 8 8 8 7 7 9 9 8 4 4 7 8 8 7 7 8 9 9 13 
1 1 1 1 1 1 3 3 1 1 2 7 7 6 7 7 7 7 8 6 6 6 8 8 13 13 10 10 10 10 11 11 12 12 12 15 15 18 19 19 7 7 7 7 7 10 
0 0 1 1 1 1 1 1 3 3 7 12 12 14 13 13 11 11 10 10 10 11 12 12 17 17 23 23 23 19 16 16 14 14 9 12 12 15 15 15 6 6 4 5 5 4 
0 0 1 1 1 1 1 1 3 3 7 12 12 14 13 13 11 11 10 10 10 11 12 12 17 17 23 23 23 19 16 16 14 14 9 12 12 15 15 15 6 6 4 5 5 4 
1 1 1 0 0 1 1 1 3 3 6 8 8 14 17 17 25 25 27 26 26 13 18 18 26 26 38 38 38 28 19 19 14 14 9 9 9 11 11 11 12 12 10 14 14 12 
1 1 1 0 0 1 1 1 3 3 6 8 8 14 17 17 25 25 27 26 26 13 18 18 26 26 38 38 38 28 19 19 14 14 9 9 9 11 11 11 12 12 10 14 14 12 
1 1 1 0 0 0 1 1 1 1 3 7 7 11 18 18 22 22 27 22 22 18 18 18 31 31 32 36 36 27 17 17 15 15 12 13 13 14 14 14 14 14 13 16 16 14 
2 2 1 1 1 1 2 2 2 2 4 5 5 11 15 15 20 20 29 28 28 26 29 29 43 43 29 23 23 19 16 16 14 14 12 17 17 20 19 19 15 15 13 11 11 3 
2 2 1 1 1 1 2 2 2 2 4 5 5 11 15 15 20 20 29 28 28 26 29 29 43 43 29 23 23 19 16 16 14 14 12 17 17 20 19 19 15 15 13 11 11 3 
1 1 1 1 1 1 2 2 2 2 3 4 4 7 8 8 11 11 19 19 19 20 18 18 21 21 20 21 21 22 17 17 14 14 15 21 21 22 17 17 16 16 16 11 11 5 
1 1 1 0 0 0 1 1 1 1 2 3 3 5 7 7 10 10 9 8 8 6 4 4 5 5 16 13 13 11 9 9 10 10 14 21 21 18 12 12 15 15 12 9 9 4 
1 1 1 0 0 0 1 1 1 1 2 3 3 5 7 7 10 10 9 8 8 6 4 4 5 5 16 13 13 11 9 9 10 10 14 21 21 18 12 12 15 15 12 9 9 4 
1 1 1 1 1 0 0 0 0 0 1 1 1 2 4 4 5 5 5 5 5 4 4 4 4 4 7 6 6 8 7 7 9 9 7 13 13 8 5 5 6 6 3 2 2 1 
1 1 1 1 1 0 0 0 0 0 1 1 1 2 4 4 5 5 5 5 5 4 4 4 4 4 7 6 6 8 7 7 9 9 7 13 13 8 5 5 6 6 3 2 2 1 
1 1 1 0 0 0 1 1 0 0 0 0 0 1 2 2 2 2 3 4 4 4 4 4 4 4 4 7 7 11 10 10 8 8 7 9 9 5 4 4 2 2 1 1 1 1 
0 0 0 0 0 0 1 1 0 0 0 0 0 0 1 1 1 1 1 2 2 3 4 4 4 4 4 7 7 12 12 12 13 13 12 13 13 9 5 5 4 4 4 1 1 1 
0 0 0 0 0 0 1 1 0 0 0 0 0 0 1 1 1 1 1 2 2 3 4 4 4 4 4 7 7 12 12 12 13 13 12 13 13 9 5 5 4 4 4 1 1 1 
0 0 0 0 0 0 1 1 0 0 0 0 0 0 0 0 0 0 0 1 1 2 3 3 2 2 1 1 1 3 6 6 9 9 11 8 8 8 4 4 3 3 2 1 1 1 
0 0 0 0 0 0 0 0 0 0 0 0 0 0 0 0 0 0 0 0 0 2 3 3 4 4 4 3 3 3 5 5 5 5 8 5 5 4 4 4 3 3 2 1 1 1 
0 0 0 0 0 0 0 0 0 0 0 0 0 0 0 0 0 0 0 0 0 2 3 3 4 4 4 3 3 3 5 5 5 5 8 5 5 4 4 4 3 3 2 1 1 1 
0 0 0 0 0 0 0 0 0 0 0 0 0 0 0 0 0 0 0 0 0 1 3 3 2 2 2 2 2 2 1 1 3 3 10 8 8 8 5 5 5 5 6 2 2 1 
0 0 0 0 0 0 0 0 0 0 0 0 0 0 0 0 0 0 0 0 0 1 3 3 2 2 2 2 2 2 1 1 3 3 10 8 8 8 5 5 5 5 6 2 2 1 
0 0 0 0 0 0 0 0 0 0 0 0 0 0 0 0 0 0 0 0 0 0 1 1 2 2 2 2 2 1 1 1 3 3 4 10 10 7 5 5 5 5 6 4 4 1 
0 0 0 0 0 0 0 0 0 0 0 0 0 0 0 0 0 0 0 0 0 0 0 0 1 1 1 1 1 1 1 1 1 1 4 2 2 6 5 5 7 7 3 3 3 1 
0 0 0 0 0 0 0 0 0 0 0 0 0 0 0 0 0 0 0 0 0 0 0 0 1 1 1 1 1 1 1 1 1 1 4 2 2 6 5 5 7 7 3 3 3 1 
0 0 0 0 0 0 0 0 0 0 0 0 0 0 0 0 0 0 0 0 0 0 0 0 0 0 1 1 1 1 1 1 1 1 1 3 3 1 5 5 4 4 3 2 2 1 
0 0 0 0 0 0 0 0 0 0 0 0 0 0 0 0 0 0 0 0 0 0 0 0 0 0 0 0 0 0 0 0 3 3 5 4 4 0 0 0 0 0 1 0 0 0 
