assets/RAT_results_old/precipitation/2024-08-24_IMERG.asc
ncols        46
nrows        77
xllcorner    74.800261325624
yllcorner    8.058333333333
cellsize     0.062500000000
NODATA_value -9999
9 9 11 10 10 5 4 4 15 15 17 10 10 20 19 19 18 18 12 10 10 8 5 5 5 5 4 3 3 2 2 2 3 3 4 4 4 6 6 6 4 4 2 2 2 3 
14 14 10 6 6 4 5 5 13 13 12 23 23 20 19 19 16 16 9 8 8 7 7 7 7 7 5 2 2 2 3 3 4 4 4 4 4 5 4 4 3 3 2 1 1 3 
14 14 10 6 6 4 5 5 13 13 12 23 23 20 19 19 16 16 9 8 8 7 7 7 7 7 5 2 2 2 3 3 4 4 4 4 4 5 4 4 3 3 2 1 1 3 
14 14 10 4 4 2 4 4 4 4 13 23 23 21 17 17 11 11 6 6 6 5 7 7 6 6 4 2 2 2 3 3 3 3 3 4 4 3 3 3 2 2 1 1 1 1 
4 4 5 2 2 4 7 7 9 9 17 19 19 19 13 13 11 11 8 7 7 5 5 5 4 4 3 2 2 2 2 2 2 2 2 3 3 3 2 2 3 3 2 0 0 0 
4 4 5 2 2 4 7 7 9 9 17 19 19 19 13 13 11 11 8 7 7 5 5 5 4 4 3 2 2 2 2 2 2 2 2 3 3 3 2 2 3 3 2 0 0 0 
1 1 1 3 3 6 12 12 20 20 22 21 21 19 16 16 17 17 11 6 6 5 5 5 4 4 2 2 2 2 2 2 2 2 2 3 3 3 2 2 0 0 0 0 0 0 
1 1 1 3 3 6 12 12 20 20 22 21 21 19 16 16 17 17 11 6 6 5 5 5 4 4 2 2 2 2 2 2 2 2 2 3 3 3 2 2 0 0 0 0 0 0 
0 0 0 3 3 6 12 12 13 13 18 23 23 26 23 23 19 19 11 4 4 6 5 5 3 3 3 2 2 2 3 3 3 3 3 3 3 2 1 1 0 0 0 0 0 0 
0 0 0 4 4 7 12 12 20 20 25 30 30 38 30 30 18 18 9 3 3 7 4 4 4 4 4 3 3 4 4 4 3 3 3 2 2 1 0 0 0 0 0 0 0 0 
0 0 0 4 4 7 12 12 20 20 25 30 30 38 30 30 18 18 9 3 3 7 4 4 4 4 4 3 3 4 4 4 3 3 3 2 2 1 0 0 0 0 0 0 0 0 
1 1 1 2 2 9 15 15 28 28 24 23 23 31 23 23 14 14 7 3 3 7 7 7 6 6 5 3 3 3 3 3 3 3 2 1 1 0 0 0 0 0 0 0 0 0 
1 1 1 2 2 15 17 17 22 22 22 21 21 22 18 18 11 11 7 5 5 7 6 6 8 8 6 4 4 4 3 3 2 2 1 1 1 1 1 1 0 0 0 0 0 0 
1 1 1 2 2 15 17 17 22 22 22 21 21 22 18 18 11 11 7 5 5 7 6 6 8 8 6 4 4 4 3 3 2 2 1 1 1 1 1 1 0 0 0 0 0 0 
1 1 1 2 2 3 12 12 11 11 16 18 18 16 14 14 13 13 10 7 7 6 8 8 8 8 6 3 3 2 1 1 1 1 1 1 1 0 0 0 0 0 0 0 0 1 
1 1 1 2 2 3 12 12 11 11 16 18 18 16 14 14 13 13 10 7 7 6 8 8 8 8 6 3 3 2 1 1 1 1 1 1 1 0 0 0 0 0 0 0 0 1 
1 1 1 2 2 2 2 2 7 7 12 17 17 13 13 13 14 14 14 9 9 9 11 11 6 6 4 1 1 0 0 0 0 0 1 0 0 0 0 0 1 1 1 1 1 1 
1 1 1 0 0 0 1 1 2 2 7 10 10 11 13 13 18 18 18 12 12 10 7 7 4 4 3 0 0 0 0 0 1 1 1 0 0 2 2 2 2 2 1 1 1 1 
1 1 1 0 0 0 1 1 2 2 7 10 10 11 13 13 18 18 18 12 12 10 7 7 4 4 3 0 0 0 0 0 1 1 1 0 0 2 2 2 2 2 1 1 1 1 
1 1 1 0 0 0 0 0 0 0 1 3 3 5 10 10 17 17 15 11 11 5 3 3 2 2 1 0 0 0 0 0 1 1 1 1 1 2 3 3 2 2 1 0 0 0 
0 0 0 0 0 0 0 0 1 1 1 3 3 3 6 6 9 9 7 4 4 2 1 1 0 0 1 0 0 0 0 0 0 0 0 0 0 1 1 1 1 1 0 1 1 0 
0 0 0 0 0 0 0 0 1 1 1 3 3 3 6 6 9 9 7 4 4 2 1 1 0 0 1 0 0 0 0 0 0 0 0 0 0 1 1 1 1 1 0 1 1 0 
0 0 0 0 0 0 1 1 1 1 0 2 2 2 4 4 4 4 3 2 2 1 1 1 1 1 0 0 0 0 0 0 1 1 0 0 0 0 1 1 0 0 1 2 2 0 
0 0 0 0 0 0 1 1 1 1 0 2 2 2 4 4 4 4 3 2 2 1 1 1 1 1 0 0 0 0 0 0 1 1 0 0 0 0 1 1 0 0 1 2 2 0 
0 0 0 0 0 0 0 0 0 0 0 0 0 1 0 0 1 1 0 1 1 1 1 1 1 1 1 0 0 0 0 0 1 1 0 0 0 0 0 0 0 0 1 0 0 0 
0 0 0 0 0 0 1 1 1 1 0 0 0 0 0 0 1 1 1 1 1 3 4 4 2 2 1 0 0 0 0 0 0 0 0 0 0 1 1 1 0 0 1 1 1 1 
0 0 0 0 0 0 1 1 1 1 0 0 0 0 0 0 1 1 1 1 1 3 4 4 2 2 1 0 0 0 0 0 0 0 0 0 0 1 1 1 0 0 1 1 1 1 
0 0 0 1 1 1 1 1 0 0 0 0 0 0 0 0 2 2 3 3 3 6 6 6 4 4 1 1 1 0 0 0 1 1 1 1 1 1 1 1 1 1 1 2 2 0 
0 0 1 1 1 0 0 0 0 0 1 0 0 0 0 0 1 1 1 1 1 2 2 2 1 1 1 1 1 2 2 2 2 2 1 0 0 1 2 2 1 1 0 0 0 0 
0 0 1 1 1 0 0 0 0 0 1 0 0 0 0 0 1 1 1 1 1 2 2 2 1 1 1 1 1 2 2 2 2 2 1 0 0 1 2 2 1 1 0 0 0 0 
2 2 1 0 0 0 0 0 0 0 0 0 0 0 0 0 1 1 1 1 1 1 1 1 1 1 0 1 1 2 2 2 1 1 1 1 1 1 1 1 0 0 0 0 0 0 
2 2 1 0 0 0 0 0 0 0 0 0 0 0 0 0 1 1 1 1 1 1 1 1 1 1 0 1 1 2 2 2 1 1 1 1 1 1 1 1 0 0 0 0 0 0 
2 2 0 0 0 0 1 1 1 1 1 0 0 0 0 0 2 2 2 2 2 2 1 1 0 0 0 1 1 1 2 2 2 2 2 1 1 0 0 0 0 0 0 0 0 0 
0 0 0 0 0 0 1 1 1 1 1 1 1 1 2 2 1 1 4 1 1 1 1 1 1 1 1 3 3 3 4 4 2 2 1 0 0 0 0 0 0 0 0 0 0 0 
0 0 0 0 0 0 1 1 1 1 1 1 1 1 2 2 1 1 4 1 1 1 1 1 1 1 1 3 3 3 4 4 2 2 1 0 0 0 0 0 0 0 0 0 0 0 
0 0 1 1 1 2 3 3 2 2 1 1 1 1 2 2 1 1 4 2 2 4 5 5 5 5 5 2 2 1 1 1 0 0 0 0 0 0 0 0 0 0 0 0 0 0 
3 3 8 8 8 4 3 3 2 2 1 1 1 0 1 1 1 1 2 7 7 13 15 15 13 13 6 1 1 0 0 0 0 0 0 0 0 0 0 0 0 0 0 0 0 0 
3 3 8 8 8 4 3 3 2 2 1 1 1 0 1 1 1 1 2 7 7 13 15 15 13 13 6 1 1 0 0 0 0 0 0 0 0 0 0 0 0 0 0 0 0 0 
8 8 7 4 4 3 1 1 2 2 1 0 0 0 1 1 1 1 4 12 12 14 13 13 7 7 3 0 0 0 1 1 0 0 0 0 0 0 1 1 1 1 1 1 1 1 
8 8 7 4 4 3 1 1 2 2 1 0 0 0 1 1 1 1 4 12 12 14 13 13 7 7 3 0 0 0 1 1 0 0 0 0 0 0 1 1 1 1 1 1 1 1 
2 2 2 2 2 2 1 1 0 0 0 0 0 0 1 1 2 2 3 7 7 3 5 5 4 4 2 3 3 4 7 7 2 2 0 0 0 0 1 1 0 0 1 1 1 1 
3 3 3 1 1 0 0 0 0 0 1 1 1 1 1 1 1 1 1 1 1 2 4 4 6 6 11 6 6 7 16 16 11 11 10 1 1 0 1 1 2 2 2 2 2 2 
3 3 3 1 1 0 0 0 0 0 1 1 1 1 1 1 1 1 1 1 1 2 4 4 6 6 11 6 6 7 16 16 11 11 10 1 1 0 1 1 2 2 2 2 2 2 
1 1 1 0 0 0 0 0 0 0 0 0 0 1 1 1 0 0 0 0 0 2 4 4 5 5 9 11 11 14 19 19 16 16 10 1 1 0 1 1 1 1 2 2 2 2 
0 0 0 0 0 0 0 0 0 0 1 1 1 1 0 0 0 0 0 0 0 1 4 4 5 5 11 10 10 11 15 15 11 11 14 1 1 1 1 1 2 2 2 2 2 1 
0 0 0 0 0 0 0 0 0 0 1 1 1 1 0 0 0 0 0 0 0 1 4 4 5 5 11 10 10 11 15 15 11 11 14 1 1 1 1 1 2 2 2 2 2 1 
0 0 0 0 0 0 0 0 1 1 1 0 0 0 0 0 0 0 0 0 0 0 1 1 3 3 6 5 5 9 11 11 14 14 3 1 1 1 2 2 3 3 1 1 1 0 
0 0 0 0 0 0 0 0 1 1 1 0 0 0 0 0 0 0 0 0 0 0 1 1 3 3 6 5 5 9 11 11 14 14 3 1 1 1 2 2 3 3 1 1 1 0 
0 0 0 0 0 0 1 1 0 0 0 0 0 0 0 0 0 0 0 0 0 0 0 0 1 1 2 4 4 1 3 3 3 3 2 1 1 1 1 1 1 1 1 1 1 0 
0 0 0 0 0 0 0 0 0 0 0 0 0 0 0 0 0 0 0 0 0 0 0 0 1 1 1 1 1 1 0 0 1 1 1 0 0 0 0 0 0 0 1 0 0 0 
0 0 0 0 0 0 0 0 0 0 0 0 0 0 0 0 0 0 0 0 0 0 0 0 1 1 1 1 1 1 0 0 1 1 1 0 0 0 0 0 0 0 1 0 0 0 
1 1 0 0 0 0 0 0 0 0 0 0 0 0 0 0 0 0 0 0 0 0 0 0 1 1 1 0 0 0 1 1 2 2 2 1 1 1 0 0 0 0 0 0 0 0 
2 2 1 1 1 1 1 1 1 1 0 0 0 0 0 0 0 0 0 0 0 0 1 1 0 0 1 1 1 1 1 1 2 2 3 4 4 1 1 1 0 0 1 0 0 0 
2 2 1 1 1 1 1 1 1 1 0 0 0 0 0 0 0 0 0 0 0 0 1 1 0 0 1 1 1 1 1 1 2 2 3 4 4 1 1 1 0 0 1 0 0 0 
1 1 2 5 5 4 3 3 1 1 0 0 0 0 0 0 0 0 0 0 0 0 0 0 1 1 3 2 2 1 1 1 2 2 2 1 1 0 0 0 0 0 0 0 0 0 
1 1 2 5 5 4 3 3 1 1 0 0 0 0 0 0 0 0 0 0 0 0 0 0 1 1 3 2 2 1 1 1 2 2 2 1 1 0 0 0 0 0 0 0 0 0 
0 0 1 1 1 1 1 1 0 0 0 0 0 0 0 0 0 0 0 0 0 0 1 1 4 4 3 1 1 2 1 1 1 1 1 1 1 0 0 0 0 0 0 0 0 0 
0 0 0 0 0 0 0 0 0 0 0 0 0 0 0 0 0 0 0 1 1 1 6 6 16 16 4 3 3 2 1 1 1 1 1 0 0 0 0 0 0 0 0 0 0 0 
0 0 0 0 0 0 0 0 0 0 0 0 0 0 0 0 0 0 0 1 1 1 6 6 16 16 4 3 3 2 1 1 1 1 1 0 0 0 0 0 0 0 0 0 0 0 
0 0 0 0 0 0 0 0 0 0 0 0 0 0 0 0 0 0 1 1 1 2 10 10 12 12 5 3 3 2 0 0 0 0 0 0 0 1 0 0 0 0 0 0 0 0 
0 0 0 0 0 0 0 0 0 0 0 0 0 0 0 0 0 0 1 1 1 5 10 10 11 11 7 6 6 2 0 0 1 1 1 0 0 0 0 0 0 0 0 0 0 0 
0 0 0 0 0 0 0 0 0 0 0 0 0 0 0 0 0 0 1 1 1 5 10 10 11 11 7 6 6 2 0 0 1 1 1 0 0 0 0 0 0 0 0 0 0 0 
0 0 0 0 0 0 0 0 0 0 0 0 0 0 0 0 0 0 0 1 1 1 1 1 1 1 1 3 3 1 0 0 0 0 0 0 0 0 0 0 0 0 1 1 1 0 
0 0 0 0 0 0 0 0 0 0 0 0 0 0 0 0 0 0 0 1 1 1 1 1 1 1 1 3 3 1 0 0 0 0 0 0 0 0 0 0 0 0 1 1 1 0 
0 0 0 0 0 0 0 0 0 0 0 0 0 0 0 0 0 0 0 1 1 1 1 1 1 1 1 0 0 1 1 1 2 2 1 1 1 0 0 0 0 0 0 0 0 0 
0 0 0 0 0 0 0 0 0 0 0 0 0 1 0 0 0 0 1 1 1 1 1 1 2 2 1 0 0 1 1 1 2 2 2 1 1 1 0 0 0 0 0 0 0 0 
0 0 0 0 0 0 0 0 0 0 0 0 0 1 0 0 0 0 1 1 1 1 1 1 2 2 1 0 0 1 1 1 2 2 2 1 1 1 0 0 0 0 0 0 0 0 
0 0 0 0 0 0 0 0 0 0 0 0 0 1 0 0 1 1 1 1 1 1 1 1 0 0 0 0 0 0 1 1 2 2 1 1 1 0 0 0 0 0 0 0 0 0 
0 0 0 1 1 1 1 1 0 0 0 0 0 1 1 1 1 1 1 0 0 0 0 0 0 0 0 0 0 0 0 0 0 0 0 0 0 0 0 0 0 0 0 1 1 1 
0 0 0 1 1 1 1 1 0 0 0 0 0 1 1 1 1 1 1 0 0 0 0 0 0 0 0 0 0 0 0 0 0 0 0 0 0 0 0 0 0 0 0 1 1 1 
0 0 0 0 0 0 0 0 0 0 0 1 1 2 1 1 0 0 0 1 1 1 1 1 0 0 0 0 0 0 0 0 0 0 1 1 1 0 0 0 0 0 0 1 1 1 
0 0 0 0 0 0 0 0 0 0 0 1 1 2 1 1 0 0 0 1 1 1 1 1 0 0 0 0 0 0 0 0 0 0 1 1 1 0 0 0 0 0 0 1 1 1 
0 0 0 0 0 0 1 1 0 0 0 1 1 1 0 0 0 0 1 2 2 2 0 0 0 0 0 0 0 0 0 0 0 0 1 0 0 0 1 1 0 0 0 0 0 0 
0 0 0 0 0 0 0 0 0 0 0 1 1 1 0 0 0 0 0 1 1 0 0 0 0 0 0 0 0 0 0 0 0 0 0 0 0 0 1 1 0 0 0 0 0 0 
0 0 0 0 0 0 0 0 0 0 0 1 1 1 0 0 0 0 0 1 1 0 0 0 0 0 0 0 0 0 0 0 0 0 0 0 0 0 1 1 0 0 0 0 0 0 
0 0 0 0 0 0 0 0 0 0 1 2 2 2 1 1 1 1 0 0 0 0 0 0 0 0 0 0 0 0 0 0 0 0 0 0 0 0 1 1 0 0 0 0 0 0 
0 0 0 0 0 0 0 0 0 0 0 1 1 1 1 1 0 0 0 0 0 0 0 0 0 0 0 0 0 0 0 0 0 0 0 1 1 0 0 0 0 0 0 0 0 0 
