assets/RAT_results_old/precipitation/2024-07-19_IMERG.asc
ncols        46
nrows        77
xllcorner    74.800261325624
yllcorner    8.058333333333
cellsize     0.062500000000
NODATA_value -9999
55 55 51 63 63 61 73 73 73 73 84 91 91 85 71 71 66 66 67 58 58 56 44 44 38 38 23 12 12 12 10 10 11 11 11 10 10 12 5 5 12 12 13 6 6 12 
49 49 43 59 59 65 84 84 77 77 76 84 84 73 91 91 67 67 69 62 62 66 58 58 44 44 21 13 13 15 14 14 16 16 10 11 11 6 9 9 15 15 15 12 12 10 
49 49 43 59 59 65 84 84 77 77 76 84 84 73 91 91 67 67 69 62 62 66 58 58 44 44 21 13 13 15 14 14 16 16 10 11 11 6 9 9 15 15 15 12 12 10 
54 54 55 55 55 70 77 77 81 81 93 100 100 144 155 155 114 114 113 65 65 65 54 54 46 46 20 14 14 14 14 14 6 6 11 10 10 8 14 14 16 16 14 13 13 10 
47 47 61 75 75 84 88 88 93 93 105 125 125 148 162 162 109 109 108 81 81 55 50 50 18 18 15 10 10 9 11 11 4 4 4 6 6 5 11 11 10 10 11 11 11 8 
47 47 61 75 75 84 88 88 93 93 105 125 125 148 162 162 109 109 108 81 81 55 50 50 18 18 15 10 10 9 11 11 4 4 4 6 6 5 11 11 10 10 11 11 11 8 
31 31 46 61 61 67 88 88 73 73 90 88 88 79 114 114 109 109 111 55 55 37 32 32 12 12 8 6 6 3 6 6 7 7 8 8 8 5 11 11 17 17 13 6 6 13 
31 31 46 61 61 67 88 88 73 73 90 88 88 79 114 114 109 109 111 55 55 37 32 32 12 12 8 6 6 3 6 6 7 7 8 8 8 5 11 11 17 17 13 6 6 13 
32 32 39 51 51 61 70 70 54 54 65 63 63 63 77 77 92 92 84 39 39 28 19 19 8 8 6 6 6 8 6 6 9 9 7 10 10 14 18 18 20 20 18 19 19 15 
23 23 29 30 30 38 47 47 41 41 67 65 65 67 69 69 78 78 84 39 39 29 11 11 11 11 12 8 8 11 11 11 12 12 13 15 15 20 23 23 19 19 19 18 18 14 
23 23 29 30 30 38 47 47 41 41 67 65 65 67 69 69 78 78 84 39 39 29 11 11 11 11 12 8 8 11 11 11 12 12 13 15 15 20 23 23 19 19 19 18 18 14 
18 18 17 25 25 42 45 45 39 39 52 69 69 60 58 58 69 69 49 57 57 43 21 21 21 21 13 10 10 15 11 11 10 10 13 14 14 23 20 20 17 17 19 14 14 12 
16 16 16 18 18 45 40 40 43 43 58 57 57 58 61 61 63 63 59 49 49 34 28 28 26 26 25 25 25 14 28 28 19 19 17 22 22 19 21 21 20 20 17 13 13 12 
16 16 16 18 18 45 40 40 43 43 58 57 57 58 61 61 63 63 59 49 49 34 28 28 26 26 25 25 25 14 28 28 19 19 17 22 22 19 21 21 20 20 17 13 13 12 
8 8 9 14 14 14 25 25 36 36 55 36 36 38 37 37 48 48 48 44 44 34 33 33 48 48 45 32 32 27 27 27 24 24 15 14 14 20 21 21 19 19 16 14 14 7 
8 8 9 14 14 14 25 25 36 36 55 36 36 38 37 37 48 48 48 44 44 34 33 33 48 48 45 32 32 27 27 27 24 24 15 14 14 20 21 21 19 19 16 14 14 7 
10 10 12 13 13 18 22 22 28 28 28 26 26 20 20 20 29 29 45 41 41 42 37 37 40 40 46 42 42 32 18 18 19 19 15 19 19 16 22 22 20 20 16 11 11 8 
12 12 9 8 8 8 27 27 13 13 21 20 20 20 23 23 35 35 39 40 40 49 48 48 38 38 41 40 40 45 41 41 47 47 28 25 25 21 27 27 25 25 22 15 15 4 
12 12 9 8 8 8 27 27 13 13 21 20 20 20 23 23 35 35 39 40 40 49 48 48 38 38 41 40 40 45 41 41 47 47 28 25 25 21 27 27 25 25 22 15 15 4 
9 9 10 8 8 8 10 10 10 10 19 23 23 32 30 30 28 28 29 33 33 51 43 43 42 42 46 57 57 29 34 34 36 36 26 33 33 37 30 30 22 22 21 9 9 12 
15 15 17 9 9 10 9 9 16 16 12 34 34 57 42 42 34 34 33 39 39 55 54 54 53 53 59 64 64 45 34 34 39 39 25 37 37 41 30 30 24 24 19 16 16 16 
15 15 17 9 9 10 9 9 16 16 12 34 34 57 42 42 34 34 33 39 39 55 54 54 53 53 59 64 64 45 34 34 39 39 25 37 37 41 30 30 24 24 19 16 16 16 
11 11 24 26 26 12 8 8 26 26 25 48 48 51 39 39 36 36 39 39 39 55 42 42 40 40 62 61 61 44 30 30 32 32 21 8 8 6 13 13 11 11 8 12 12 12 
11 11 24 26 26 12 8 8 26 26 25 48 48 51 39 39 36 36 39 39 39 55 42 42 40 40 62 61 61 44 30 30 32 32 21 8 8 6 13 13 11 11 8 12 12 12 
4 4 18 11 11 6 5 5 18 18 19 29 29 53 30 30 34 34 33 32 32 32 36 36 37 37 45 49 49 34 24 24 25 25 21 14 14 7 5 5 5 5 5 3 3 7 
4 4 3 4 4 3 7 7 12 12 9 16 16 20 34 34 35 35 35 30 30 32 39 39 34 34 45 42 42 31 15 15 22 22 12 9 9 9 3 3 2 2 3 2 2 2 
4 4 3 4 4 3 7 7 12 12 9 16 16 20 34 34 35 35 35 30 30 32 39 39 34 34 45 42 42 31 15 15 22 22 12 9 9 9 3 3 2 2 3 2 2 2 
7 7 5 3 3 4 14 14 14 14 9 6 6 6 14 14 31 31 42 49 49 53 33 33 32 32 33 30 30 18 12 12 10 10 6 2 2 4 3 3 2 2 2 1 1 1 
8 8 7 4 4 5 17 17 22 22 6 4 4 4 6 6 22 22 17 15 15 18 21 21 26 26 24 24 24 21 12 12 8 8 4 1 1 1 0 0 0 0 1 2 2 2 
8 8 7 4 4 5 17 17 22 22 6 4 4 4 6 6 22 22 17 15 15 18 21 21 26 26 24 24 24 21 12 12 8 8 4 1 1 1 0 0 0 0 1 2 2 2 
10 10 11 8 8 7 12 12 15 15 6 3 3 3 4 4 18 18 18 16 16 18 20 20 20 20 21 19 19 18 12 12 7 7 3 1 1 0 1 1 1 1 2 1 1 1 
10 10 11 8 8 7 12 12 15 15 6 3 3 3 4 4 18 18 18 16 16 18 20 20 20 20 21 19 19 18 12 12 7 7 3 1 1 0 1 1 1 1 2 1 1 1 
11 11 14 9 9 6 5 5 8 8 5 3 3 3 4 4 22 22 24 17 17 18 18 18 17 17 17 17 17 15 11 11 5 5 2 1 1 3 8 8 1 1 8 1 1 2 
9 9 9 5 5 3 3 3 4 4 5 2 2 4 4 4 6 6 23 23 23 21 17 17 13 13 13 14 14 13 11 11 8 8 4 2 2 9 10 10 2 2 2 2 2 1 
9 9 9 5 5 3 3 3 4 4 5 2 2 4 4 4 6 6 23 23 23 21 17 17 13 13 13 14 14 13 11 11 8 8 4 2 2 9 10 10 2 2 2 2 2 1 
10 10 5 2 2 2 4 4 4 4 3 2 2 4 5 5 4 4 11 14 14 15 12 12 10 10 11 10 10 11 19 19 8 8 3 2 2 3 3 3 3 3 3 2 2 3 
5 5 2 1 1 1 2 2 3 3 4 3 3 4 4 4 4 4 4 9 9 11 13 13 14 14 14 12 12 12 12 12 8 8 8 6 6 4 3 3 3 3 3 3 3 3 
5 5 2 1 1 1 2 2 3 3 4 3 3 4 4 4 4 4 4 9 9 11 13 13 14 14 14 12 12 12 12 12 8 8 8 6 6 4 3 3 3 3 3 3 3 3 
2 2 1 1 1 1 2 2 3 3 2 2 2 3 4 4 4 4 4 6 6 9 11 11 14 14 17 12 12 13 12 12 9 9 10 8 8 5 3 3 3 3 3 2 2 2 
2 2 1 1 1 1 2 2 3 3 2 2 2 3 4 4 4 4 4 6 6 9 11 11 14 14 17 12 12 13 12 12 9 9 10 8 8 5 3 3 3 3 3 2 2 2 
1 1 1 1 1 1 2 2 2 2 2 3 3 3 4 4 4 4 4 6 6 7 9 9 10 10 11 12 12 13 12 12 8 8 7 6 6 8 5 5 4 4 2 1 1 3 
2 2 3 3 3 3 5 5 6 6 5 3 3 2 2 2 2 2 3 4 4 4 7 7 12 12 10 9 9 9 9 9 9 9 10 8 8 8 6 6 4 4 4 3 3 4 
2 2 3 3 3 3 5 5 6 6 5 3 3 2 2 2 2 2 3 4 4 4 7 7 12 12 10 9 9 9 9 9 9 9 10 8 8 8 6 6 4 4 4 3 3 4 
4 4 4 2 2 2 2 2 4 4 3 2 2 2 1 1 1 1 1 2 2 4 4 4 7 7 7 7 7 8 8 8 10 10 12 10 10 8 5 5 4 4 4 3 3 3 
4 4 4 2 2 1 1 1 1 1 1 2 2 2 1 1 0 0 1 2 2 3 3 3 3 3 4 6 6 7 10 10 14 14 16 14 14 9 5 5 2 2 3 2 2 1 
4 4 4 2 2 1 1 1 1 1 1 2 2 2 1 1 0 0 1 2 2 3 3 3 3 3 4 6 6 7 10 10 14 14 16 14 14 9 5 5 2 2 3 2 2 1 
1 1 1 1 1 1 1 1 1 1 1 1 1 0 0 0 0 0 1 2 2 1 3 3 5 5 6 8 8 8 13 13 13 13 14 12 12 7 3 3 2 2 2 1 1 1 
1 1 1 1 1 1 1 1 1 1 1 1 1 0 0 0 0 0 1 2 2 1 3 3 5 5 6 8 8 8 13 13 13 13 14 12 12 7 3 3 2 2 2 1 1 1 
0 0 0 1 1 1 0 0 0 0 1 1 1 1 1 1 1 1 1 1 1 1 2 2 6 6 10 10 10 10 10 10 10 10 10 8 8 5 3 3 2 2 2 1 1 1 
1 1 2 3 3 3 1 1 1 1 1 1 1 1 1 1 2 2 2 1 1 1 2 2 4 4 8 7 7 7 6 6 7 7 8 8 8 6 5 5 5 5 3 3 3 2 
1 1 2 3 3 3 1 1 1 1 1 1 1 1 1 1 2 2 2 1 1 1 2 2 4 4 8 7 7 7 6 6 7 7 8 8 8 6 5 5 5 5 3 3 3 2 
1 1 3 2 2 3 2 2 1 1 1 1 1 1 2 2 2 2 2 2 2 1 3 3 4 4 2 3 3 4 5 5 6 6 8 9 9 8 7 7 7 7 5 3 3 3 
1 1 1 1 1 2 2 2 2 2 1 1 1 2 3 3 3 3 2 3 3 3 4 4 3 3 2 5 5 7 7 7 7 7 10 14 14 13 12 12 10 10 8 5 5 5 
1 1 1 1 1 2 2 2 2 2 1 1 1 2 3 3 3 3 2 3 3 3 4 4 3 3 2 5 5 7 7 7 7 7 10 14 14 13 12 12 10 10 8 5 5 5 
0 0 0 1 1 2 2 2 1 1 1 1 1 3 2 2 2 2 1 2 2 2 1 1 3 3 7 11 11 14 13 13 13 13 17 20 20 22 15 15 13 13 10 8 8 7 
0 0 0 1 1 2 2 2 1 1 1 1 1 3 2 2 2 2 1 2 2 2 1 1 3 3 7 11 11 14 13 13 13 13 17 20 20 22 15 15 13 13 10 8 8 7 
1 1 1 1 1 0 0 0 0 0 1 2 2 1 1 1 2 2 3 1 1 2 2 2 6 6 10 12 12 16 17 17 18 18 23 23 23 18 13 13 18 18 12 10 10 8 
0 0 0 0 0 0 0 0 1 1 0 1 1 2 1 1 5 5 15 19 19 3 4 4 8 8 10 13 13 23 24 24 25 25 28 26 26 22 17 17 14 14 8 9 9 10 
0 0 0 0 0 0 0 0 1 1 0 1 1 2 1 1 5 5 15 19 19 3 4 4 8 8 10 13 13 23 24 24 25 25 28 26 26 22 17 17 14 14 8 9 9 10 
0 0 0 1 1 2 1 1 1 1 0 0 0 2 2 2 3 3 22 25 25 3 4 4 3 3 6 16 16 29 30 30 31 31 34 29 29 23 18 18 13 13 12 10 10 9 
0 0 0 1 1 2 1 1 0 0 0 0 0 2 2 2 2 2 3 17 17 3 2 2 3 3 9 20 20 25 27 27 33 33 39 30 30 19 11 11 11 11 11 7 7 5 
0 0 0 1 1 2 1 1 0 0 0 0 0 2 2 2 2 2 3 17 17 3 2 2 3 3 9 20 20 25 27 27 33 33 39 30 30 19 11 11 11 11 11 7 7 5 
0 0 0 0 0 0 1 1 1 1 0 0 0 1 1 1 2 2 3 5 5 2 2 2 3 3 6 15 15 16 23 23 31 31 32 24 24 12 8 8 8 8 5 3 3 4 
0 0 0 0 0 0 1 1 1 1 0 0 0 1 1 1 2 2 3 5 5 2 2 2 3 3 6 15 15 16 23 23 31 31 32 24 24 12 8 8 8 8 5 3 3 4 
0 0 1 2 2 1 1 1 1 1 0 1 1 1 1 1 2 2 2 3 3 3 4 4 4 4 4 6 6 13 23 23 32 32 24 12 12 11 9 9 6 6 3 4 4 6 
1 1 2 4 4 2 2 2 1 1 1 1 1 1 2 2 1 1 2 4 4 4 5 5 4 4 5 4 4 18 22 22 20 20 10 6 6 10 10 10 8 8 5 5 5 5 
1 1 2 4 4 2 2 2 1 1 1 1 1 1 2 2 1 1 2 4 4 4 5 5 4 4 5 4 4 18 22 22 20 20 10 6 6 10 10 10 8 8 5 5 5 5 
2 2 2 5 5 4 2 2 2 2 1 3 3 2 3 3 7 7 4 5 5 4 5 5 3 3 4 3 3 5 10 10 7 7 5 7 7 8 8 8 8 8 11 9 9 8 
2 2 2 4 4 4 2 2 3 3 2 3 3 2 3 3 4 4 5 4 4 2 2 2 2 2 2 2 2 4 4 4 5 5 5 5 5 6 10 10 11 11 9 8 8 9 
2 2 2 4 4 4 2 2 3 3 2 3 3 2 3 3 4 4 5 4 4 2 2 2 2 2 2 2 2 4 4 4 5 5 5 5 5 6 10 10 11 11 9 8 8 9 
0 0 1 2 2 4 3 3 2 2 3 5 5 3 2 2 4 4 3 3 3 2 1 1 3 3 4 3 3 3 2 2 2 2 2 4 4 7 10 10 9 9 8 5 5 6 
0 0 1 2 2 4 3 3 2 2 3 5 5 3 2 2 4 4 3 3 3 2 1 1 3 3 4 3 3 3 2 2 2 2 2 4 4 7 10 10 9 9 8 5 5 6 
0 0 0 1 1 3 2 2 3 3 4 4 4 4 2 2 3 3 2 2 2 1 2 2 3 3 4 4 4 3 1 1 2 2 4 5 5 11 10 10 6 6 5 3 3 3 
1 1 1 1 1 3 3 3 6 6 5 5 5 3 2 2 2 2 2 3 3 2 2 2 4 4 8 5 5 3 2 2 2 2 2 2 2 4 3 3 4 4 3 4 4 3 
1 1 1 1 1 3 3 3 6 6 5 5 5 3 2 2 2 2 2 3 3 2 2 2 4 4 8 5 5 3 2 2 2 2 2 2 2 4 3 3 4 4 3 4 4 3 
3 3 2 3 3 6 4 4 5 5 3 2 2 2 1 1 2 2 2 3 3 2 2 2 2 2 6 3 3 2 3 3 2 2 1 0 0 1 4 4 6 6 5 1 1 1 
3 3 4 7 7 7 2 2 2 2 1 2 2 2 2 2 2 2 2 3 3 1 1 1 1 1 2 2 2 2 2 2 1 1 1 1 1 1 2 2 7 7 6 0 0 1 
