assets/RAT_results_old/precipitation/2024-07-09_IMERG.asc
ncols        46
nrows        77
xllcorner    74.800261325624
yllcorner    8.058333333333
cellsize     0.062500000000
NODATA_value -9999
48 48 48 39 39 40 32 32 29 29 25 16 16 23 23 23 13 13 5 0 0 0 0 0 1 1 1 0 0 1 1 1 2 2 2 3 3 3 2 2 2 2 1 1 1 3 
39 39 36 32 32 34 23 23 17 17 12 8 8 9 11 11 5 5 3 1 1 1 1 1 2 2 2 1 1 1 1 1 2 2 3 2 2 2 1 1 1 1 1 1 1 1 
39 39 36 32 32 34 23 23 17 17 12 8 8 9 11 11 5 5 3 1 1 1 1 1 2 2 2 1 1 1 1 1 2 2 3 2 2 2 1 1 1 1 1 1 1 1 
27 27 31 22 22 19 16 16 13 13 10 9 9 9 8 8 9 9 4 1 1 2 4 4 5 5 4 2 2 1 1 1 2 2 3 1 1 0 0 0 2 2 7 4 4 1 
17 17 32 22 22 15 12 12 11 11 10 12 12 11 13 13 21 21 12 7 7 6 7 7 7 7 5 3 3 3 2 2 3 3 1 0 0 0 1 1 2 2 4 3 3 2 
17 17 32 22 22 15 12 12 11 11 10 12 12 11 13 13 21 21 12 7 7 6 7 7 7 7 5 3 3 3 2 2 3 3 1 0 0 0 1 1 2 2 4 3 3 2 
11 11 11 22 22 15 16 16 15 15 18 21 21 15 18 18 19 19 15 11 11 9 8 8 9 9 6 5 5 5 3 3 1 1 1 0 0 0 1 1 1 1 1 0 0 2 
11 11 11 22 22 15 16 16 15 15 18 21 21 15 18 18 19 19 15 11 11 9 8 8 9 9 6 5 5 5 3 3 1 1 1 0 0 0 1 1 1 1 1 0 0 2 
12 12 11 21 21 27 18 18 28 28 33 20 20 14 16 16 17 17 19 17 17 15 13 13 10 10 8 5 5 2 1 1 0 0 1 0 0 0 1 1 1 1 1 0 0 0 
18 18 12 30 30 28 30 30 33 33 26 20 20 17 23 23 31 31 36 29 29 24 14 14 9 9 6 2 2 2 1 1 1 1 1 0 0 0 0 0 0 0 0 1 1 1 
18 18 12 30 30 28 30 30 33 33 26 20 20 17 23 23 31 31 36 29 29 24 14 14 9 9 6 2 2 2 1 1 1 1 1 0 0 0 0 0 0 0 0 1 1 1 
19 19 15 22 22 27 24 24 21 21 17 22 22 22 26 26 23 23 24 22 22 25 15 15 6 6 2 1 1 1 1 1 0 0 0 0 0 1 0 0 0 0 0 0 0 1 
21 21 19 18 18 33 26 26 29 29 30 42 42 41 34 34 25 25 22 28 28 26 10 10 3 3 1 0 0 0 0 0 0 0 1 1 1 1 1 1 1 1 1 0 0 0 
21 21 19 18 18 33 26 26 29 29 30 42 42 41 34 34 25 25 22 28 28 26 10 10 3 3 1 0 0 0 0 0 0 0 1 1 1 1 1 1 1 1 1 0 0 0 
19 19 20 18 18 14 26 26 32 32 35 43 43 48 42 42 39 39 33 24 24 12 2 2 1 1 0 2 2 2 0 0 1 1 0 3 3 4 1 1 1 1 1 1 1 0 
19 19 20 18 18 14 26 26 32 32 35 43 43 48 42 42 39 39 33 24 24 12 2 2 1 1 0 2 2 2 0 0 1 1 0 3 3 4 1 1 1 1 1 1 1 0 
21 21 21 13 13 11 13 13 20 20 24 32 32 33 28 28 25 25 21 12 12 4 1 1 2 2 1 4 4 3 3 3 2 2 0 5 5 6 4 4 2 2 2 1 1 0 
19 19 19 19 19 16 8 8 15 15 19 22 22 19 15 15 13 13 7 2 2 1 3 3 2 2 0 7 7 4 5 5 5 5 2 4 4 5 1 1 1 1 1 1 1 0 
19 19 19 19 19 16 8 8 15 15 19 22 22 19 15 15 13 13 7 2 2 1 3 3 2 2 0 7 7 4 5 5 5 5 2 4 4 5 1 1 1 1 1 1 1 0 
21 21 17 18 18 17 11 11 7 7 13 19 19 9 9 9 5 5 1 0 0 0 3 3 2 2 0 7 7 4 6 6 1 1 1 3 3 2 1 1 1 1 4 1 1 1 
26 26 16 12 12 11 14 14 11 11 6 12 12 8 7 7 4 4 1 3 3 0 0 0 5 5 4 12 12 6 1 1 0 0 4 2 2 1 0 0 1 1 3 0 0 0 
26 26 16 12 12 11 14 14 11 11 6 12 12 8 7 7 4 4 1 3 3 0 0 0 5 5 4 12 12 6 1 1 0 0 4 2 2 1 0 0 1 1 3 0 0 0 
23 23 27 16 16 14 17 17 14 14 9 8 8 14 6 6 3 3 1 2 2 1 0 0 5 5 5 6 6 5 8 8 4 4 0 0 0 0 0 0 0 0 1 0 0 0 
23 23 27 16 16 14 17 17 14 14 9 8 8 14 6 6 3 3 1 2 2 1 0 0 5 5 5 6 6 5 8 8 4 4 0 0 0 0 0 0 0 0 1 0 0 0 
37 37 33 26 26 22 16 16 15 15 14 13 13 19 11 11 5 5 2 1 1 3 0 0 0 0 5 6 6 6 5 5 1 1 0 0 0 0 0 0 0 0 0 0 0 0 
31 31 28 25 25 20 15 15 14 14 14 13 13 17 12 12 9 9 4 1 1 1 1 1 0 0 3 4 4 3 0 0 0 0 0 0 0 0 0 0 0 0 0 0 0 0 
31 31 28 25 25 20 15 15 14 14 14 13 13 17 12 12 9 9 4 1 1 1 1 1 0 0 3 4 4 3 0 0 0 0 0 0 0 0 0 0 0 0 0 0 0 0 
25 25 25 21 21 18 15 15 13 13 12 11 11 11 15 15 11 11 9 5 5 2 2 2 1 1 2 5 5 0 0 0 0 0 0 0 0 0 0 0 0 0 0 0 0 0 
18 18 17 18 18 17 14 14 13 13 13 14 14 12 12 12 16 16 11 11 11 6 4 4 2 2 1 1 1 0 0 0 0 0 0 0 0 0 0 0 0 0 0 0 0 0 
18 18 17 18 18 17 14 14 13 13 13 14 14 12 12 12 16 16 11 11 11 6 4 4 2 2 1 1 1 0 0 0 0 0 0 0 0 0 0 0 0 0 0 0 0 0 
15 15 15 14 14 15 13 13 13 13 15 16 16 11 12 12 20 20 15 11 11 10 6 6 2 2 0 0 0 0 0 0 0 0 0 0 0 0 0 0 0 0 0 0 0 0 
15 15 15 14 14 15 13 13 13 13 15 16 16 11 12 12 20 20 15 11 11 10 6 6 2 2 0 0 0 0 0 0 0 0 0 0 0 0 0 0 0 0 0 0 0 0 
12 12 11 12 12 13 13 13 13 13 14 20 20 22 15 15 25 25 23 13 13 10 8 8 5 5 2 1 1 1 1 1 1 1 0 0 0 0 0 0 0 0 0 0 0 0 
12 12 10 11 11 12 13 13 12 12 14 35 35 29 25 25 13 13 19 11 11 7 7 7 9 9 9 7 7 6 3 3 2 2 1 0 0 0 0 0 0 0 0 0 0 0 
12 12 10 11 11 12 13 13 12 12 14 35 35 29 25 25 13 13 19 11 11 7 7 7 9 9 9 7 7 6 3 3 2 2 1 0 0 0 0 0 0 0 0 0 0 0 
12 12 10 11 11 12 12 12 12 12 12 19 19 17 11 11 8 8 10 7 7 8 5 5 8 8 9 7 7 6 4 4 2 2 0 0 0 0 0 0 0 0 0 0 0 0 
15 15 13 12 12 11 11 11 14 14 12 13 13 13 9 9 7 7 7 7 7 12 9 9 6 6 5 2 2 1 1 1 1 1 1 1 1 0 0 0 0 0 0 0 0 0 
15 15 13 12 12 11 11 11 14 14 12 13 13 13 9 9 7 7 7 7 7 12 9 9 6 6 5 2 2 1 1 1 1 1 1 1 1 0 0 0 0 0 0 0 0 0 
13 13 13 14 14 12 13 13 13 13 13 11 11 11 7 7 6 6 8 7 7 9 9 9 6 6 4 2 2 1 1 1 1 1 1 0 0 0 0 0 0 0 0 0 0 0 
13 13 13 14 14 12 13 13 13 13 13 11 11 11 7 7 6 6 8 7 7 9 9 9 6 6 4 2 2 1 1 1 1 1 1 0 0 0 0 0 0 0 0 0 0 0 
14 14 14 18 18 16 14 14 14 14 14 13 13 12 10 10 10 10 7 9 9 11 9 9 4 4 2 1 1 1 2 2 3 3 3 4 4 0 0 0 0 0 0 0 0 0 
25 25 26 29 29 27 27 27 17 17 16 14 14 12 10 10 10 10 10 13 13 13 9 9 4 4 2 2 2 4 4 4 2 2 4 4 4 0 0 0 0 0 1 1 1 1 
25 25 26 29 29 27 27 27 17 17 16 14 14 12 10 10 10 10 10 13 13 13 9 9 4 4 2 2 2 4 4 4 2 2 4 4 4 0 0 0 0 0 1 1 1 1 
27 27 29 34 34 36 40 40 36 36 30 26 26 21 16 16 15 15 15 17 17 29 11 11 6 6 3 1 1 0 0 0 2 2 2 4 4 0 1 1 1 1 0 0 0 0 
45 45 43 37 37 35 34 34 35 35 34 37 37 38 38 38 39 39 44 32 32 33 18 18 12 12 6 1 1 0 0 0 0 0 0 0 0 2 1 1 0 0 0 0 0 1 
45 45 43 37 37 35 34 34 35 35 34 37 37 38 38 38 39 39 44 32 32 33 18 18 12 12 6 1 1 0 0 0 0 0 0 0 0 2 1 1 0 0 0 0 0 1 
41 41 39 37 37 38 31 31 29 29 26 24 24 37 30 30 29 29 36 27 27 20 20 20 14 14 3 1 1 0 0 0 0 0 0 0 0 0 0 0 1 1 2 1 1 1 
41 41 39 37 37 38 31 31 29 29 26 24 24 37 30 30 29 29 36 27 27 20 20 20 14 14 3 1 1 0 0 0 0 0 0 0 0 0 0 0 1 1 2 1 1 1 
54 54 27 28 28 30 29 29 37 37 34 35 35 33 31 31 30 30 34 29 29 9 16 16 15 15 3 1 1 1 1 1 0 0 0 0 0 2 1 1 1 1 2 1 1 0 
70 70 41 40 40 41 31 31 43 43 41 48 48 34 33 33 25 25 34 37 37 16 17 17 14 14 6 4 4 3 2 2 0 0 0 0 0 1 1 1 1 1 0 0 0 0 
70 70 41 40 40 41 31 31 43 43 41 48 48 34 33 33 25 25 34 37 37 16 17 17 14 14 6 4 4 3 2 2 0 0 0 0 0 1 1 1 1 1 0 0 0 0 
66 66 60 38 38 34 34 34 39 39 43 48 48 44 29 29 20 20 28 28 28 22 20 20 17 17 11 5 5 9 9 9 2 2 0 0 0 0 0 0 0 0 0 0 0 0 
55 55 45 40 40 35 38 38 36 36 39 45 45 36 20 20 21 21 24 19 19 13 10 10 16 16 11 6 6 9 6 6 1 1 1 0 0 0 1 1 0 0 0 0 0 0 
55 55 45 40 40 35 38 38 36 36 39 45 45 36 20 20 21 21 24 19 19 13 10 10 16 16 11 6 6 9 6 6 1 1 1 0 0 0 1 1 0 0 0 0 0 0 
39 39 36 35 35 34 35 35 36 36 32 31 31 26 15 15 17 17 18 18 18 14 13 13 16 16 9 4 4 2 4 4 1 1 1 0 0 1 2 2 2 2 0 0 0 0 
39 39 36 35 35 34 35 35 36 36 32 31 31 26 15 15 17 17 18 18 18 14 13 13 16 16 9 4 4 2 4 4 1 1 1 0 0 1 2 2 2 2 0 0 0 0 
29 29 29 31 31 34 32 32 27 27 24 27 27 18 19 19 15 15 15 12 12 12 12 12 16 16 6 3 3 1 3 3 4 4 1 2 2 2 3 3 2 2 0 0 0 0 
34 34 37 33 33 35 35 35 37 37 27 23 23 22 14 14 12 12 12 12 12 9 7 7 8 8 5 2 2 0 0 0 0 0 1 3 3 5 6 6 2 2 0 0 0 0 
34 34 37 33 33 35 35 35 37 37 27 23 23 22 14 14 12 12 12 12 12 9 7 7 8 8 5 2 2 0 0 0 0 0 1 3 3 5 6 6 2 2 0 0 0 0 
29 29 36 44 44 49 43 43 47 47 45 49 49 42 23 23 13 13 10 9 9 9 7 7 5 5 5 1 1 1 0 0 0 0 1 3 3 5 2 2 0 0 0 0 0 0 
23 23 28 36 36 34 33 33 32 32 37 37 37 47 31 31 17 17 12 10 10 8 8 8 6 6 6 3 3 1 1 1 1 1 2 2 2 2 2 2 1 1 1 0 0 0 
23 23 28 36 36 34 33 33 32 32 37 37 37 47 31 31 17 17 12 10 10 8 8 8 6 6 6 3 3 1 1 1 1 1 2 2 2 2 2 2 1 1 1 0 0 0 
15 15 21 28 28 28 28 28 41 41 40 39 39 38 33 33 20 20 13 10 10 8 6 6 6 6 4 6 6 3 1 1 1 1 1 1 1 2 3 3 2 2 0 0 0 0 
15 15 21 28 28 28 28 28 41 41 40 39 39 38 33 33 20 20 13 10 10 8 6 6 6 6 4 6 6 3 1 1 1 1 1 1 1 2 3 3 2 2 0 0 0 0 
12 12 14 13 13 15 12 12 25 25 28 23 23 24 23 23 16 16 13 10 10 7 5 5 6 6 5 4 4 3 2 2 1 1 1 2 2 2 2 2 1 1 0 0 0 0 
3 3 2 3 3 6 9 9 14 14 16 15 15 15 9 9 10 10 9 7 7 6 5 5 6 6 4 1 1 2 3 3 1 1 1 1 1 1 2 2 1 1 0 0 0 0 
3 3 2 3 3 6 9 9 14 14 16 15 15 15 9 9 10 10 9 7 7 6 5 5 6 6 4 1 1 2 3 3 1 1 1 1 1 1 2 2 1 1 0 0 0 0 
1 1 1 2 2 4 4 4 8 8 12 8 8 8 5 5 7 7 5 5 5 4 4 4 7 7 6 4 4 4 1 1 1 1 1 2 2 2 2 2 1 1 0 0 0 0 
1 1 1 3 3 4 2 2 5 5 6 7 7 7 4 4 5 5 4 4 4 4 4 4 3 3 6 4 4 3 2 2 2 2 2 2 2 1 1 1 0 0 0 1 1 0 
1 1 1 3 3 4 2 2 5 5 6 7 7 7 4 4 5 5 4 4 4 4 4 4 3 3 6 4 4 3 2 2 2 2 2 2 2 1 1 1 0 0 0 1 1 0 
1 1 1 2 2 2 2 2 3 3 5 5 5 5 3 3 5 5 3 3 3 3 4 4 3 3 4 4 4 2 1 1 2 2 2 2 2 1 1 1 1 1 0 0 0 0 
1 1 1 2 2 2 2 2 3 3 5 5 5 5 3 3 5 5 3 3 3 3 4 4 3 3 4 4 4 2 1 1 2 2 2 2 2 1 1 1 1 1 0 0 0 0 
1 1 0 1 1 0 1 1 1 1 2 4 4 1 2 2 3 3 3 1 1 1 1 1 1 1 1 0 0 0 0 0 0 0 1 1 1 2 1 1 1 1 0 0 0 0 
0 0 0 0 0 0 0 0 0 0 1 1 1 0 1 1 1 1 1 1 1 0 0 0 0 0 0 0 0 0 0 0 4 4 4 0 0 0 0 0 0 0 0 0 0 0 
0 0 0 0 0 0 0 0 0 0 1 1 1 0 1 1 1 1 1 1 1 0 0 0 0 0 0 0 0 0 0 0 4 4 4 0 0 0 0 0 0 0 0 0 0 0 
0 0 0 0 0 0 0 0 0 0 0 0 0 0 0 0 0 0 1 1 1 0 0 0 0 0 0 0 0 0 0 0 3 3 3 0 0 0 0 0 0 0 0 0 0 0 
0 0 0 0 0 0 0 0 0 0 0 0 0 1 0 0 0 0 0 0 0 0 0 0 0 0 0 0 0 0 0 0 3 3 3 0 0 0 0 0 0 0 0 0 0 0 
