assets/RAT_results_old/precipitation/2024-06-12_IMERG.asc
ncols        46
nrows        77
xllcorner    74.800261325624
yllcorner    8.058333333333
cellsize     0.062500000000
NODATA_value -9999
18 18 20 21 21 28 37 37 36 36 41 45 45 30 27 27 22 22 15 10 10 9 6 6 5 5 6 10 10 8 5 5 3 3 1 1 1 1 1 1 0 0 0 0 0 0 
17 17 16 23 23 34 41 41 41 41 44 60 60 50 34 34 32 32 21 15 15 13 11 11 9 9 8 7 7 2 1 1 1 1 1 1 1 1 1 1 1 1 1 0 0 0 
17 17 16 23 23 34 41 41 41 41 44 60 60 50 34 34 32 32 21 15 15 13 11 11 9 9 8 7 7 2 1 1 1 1 1 1 1 1 1 1 1 1 1 0 0 0 
19 19 22 24 24 27 39 39 41 41 60 78 78 78 64 64 49 49 30 27 27 21 13 13 9 9 5 4 4 2 1 1 1 1 2 3 3 4 2 2 6 6 3 3 3 1 
26 26 25 22 22 30 49 49 61 61 74 88 88 79 63 63 39 39 24 23 23 19 7 7 4 4 3 3 3 3 1 1 1 1 2 5 5 3 3 3 2 2 2 1 1 0 
26 26 25 22 22 30 49 49 61 61 74 88 88 79 63 63 39 39 24 23 23 19 7 7 4 4 3 3 3 3 1 1 1 1 2 5 5 3 3 3 2 2 2 1 1 0 
25 25 45 32 32 35 48 48 57 57 60 58 58 51 38 38 26 26 15 12 12 10 5 5 3 3 3 2 2 3 2 2 1 1 1 3 3 4 2 2 3 3 3 4 4 2 
25 25 45 32 32 35 48 48 57 57 60 58 58 51 38 38 26 26 15 12 12 10 5 5 3 3 3 2 2 3 2 2 1 1 1 3 3 4 2 2 3 3 3 4 4 2 
32 32 32 29 29 31 32 32 30 30 26 20 20 13 10 10 9 9 11 11 11 10 7 7 5 5 3 2 2 1 1 1 0 0 1 1 1 3 5 5 3 3 5 4 4 5 
23 23 14 20 20 23 25 25 21 21 13 10 10 8 7 7 7 7 9 15 15 12 8 8 5 5 2 1 1 1 1 1 0 0 0 0 0 2 6 6 8 8 7 5 5 4 
23 23 14 20 20 23 25 25 21 21 13 10 10 8 7 7 7 7 9 15 15 12 8 8 5 5 2 1 1 1 1 1 0 0 0 0 0 2 6 6 8 8 7 5 5 4 
8 8 7 12 12 14 18 18 21 21 22 19 19 15 17 17 14 14 12 15 15 10 4 4 2 2 1 1 1 2 2 2 1 1 1 0 0 1 4 4 5 5 7 5 5 4 
11 11 11 12 12 18 16 16 22 22 26 36 36 29 26 26 20 20 14 10 10 5 3 3 2 2 2 4 4 5 4 4 3 3 2 3 3 3 4 4 5 5 4 5 5 4 
11 11 11 12 12 18 16 16 22 22 26 36 36 29 26 26 20 20 14 10 10 5 3 3 2 2 2 4 4 5 4 4 3 3 2 3 3 3 4 4 5 5 4 5 5 4 
6 6 8 10 10 9 17 17 22 22 29 36 36 40 27 27 18 18 13 11 11 9 7 7 3 3 2 2 2 4 5 5 5 5 5 6 6 8 6 6 4 4 4 3 3 4 
6 6 8 10 10 9 17 17 22 22 29 36 36 40 27 27 18 18 13 11 11 9 7 7 3 3 2 2 2 4 5 5 5 5 5 6 6 8 6 6 4 4 4 3 3 4 
6 6 7 8 8 8 11 11 17 17 19 28 28 31 27 27 16 16 11 9 9 7 4 4 5 5 2 4 4 4 4 4 4 4 7 9 9 10 9 9 8 8 5 5 5 5 
6 6 6 6 6 6 5 5 8 8 12 16 16 23 20 20 19 19 16 14 14 10 9 9 9 9 11 10 10 10 9 9 7 7 9 8 8 7 7 7 8 8 4 4 4 3 
6 6 6 6 6 6 5 5 8 8 12 16 16 23 20 20 19 19 16 14 14 10 9 9 9 9 11 10 10 10 9 9 7 7 9 8 8 7 7 7 8 8 4 4 4 3 
7 7 6 6 6 7 7 7 7 7 10 18 18 19 19 19 16 16 15 13 13 9 6 6 7 7 10 10 10 13 11 11 8 8 6 5 5 4 6 6 4 4 3 3 3 2 
8 8 9 10 10 11 12 12 12 12 11 19 19 20 18 18 18 18 18 12 12 9 7 7 8 8 10 10 10 11 11 11 9 9 5 4 4 3 3 3 4 4 3 1 1 2 
8 8 9 10 10 11 12 12 12 12 11 19 19 20 18 18 18 18 18 12 12 9 7 7 8 8 10 10 10 11 11 11 9 9 5 4 4 3 3 3 4 4 3 1 1 2 
11 11 11 13 13 13 15 15 17 17 21 27 27 23 18 18 17 17 14 12 12 13 13 13 16 16 21 23 23 17 15 15 13 13 10 7 7 2 3 3 3 3 2 2 2 2 
11 11 11 13 13 13 15 15 17 17 21 27 27 23 18 18 17 17 14 12 12 13 13 13 16 16 21 23 23 17 15 15 13 13 10 7 7 2 3 3 3 3 2 2 2 2 
25 25 20 22 22 20 22 22 22 22 28 19 19 24 22 22 22 22 21 22 22 27 28 28 27 27 28 26 26 21 17 17 13 13 8 6 6 3 5 5 2 2 2 1 1 1 
31 31 27 22 22 22 25 25 34 34 30 27 27 36 27 27 26 26 28 30 30 30 30 30 27 27 25 27 27 25 22 22 20 20 9 5 5 4 3 3 3 3 2 1 1 2 
31 31 27 22 22 22 25 25 34 34 30 27 27 36 27 27 26 26 28 30 30 30 30 30 27 27 25 27 27 25 22 22 20 20 9 5 5 4 3 3 3 3 2 1 1 2 
20 20 20 19 19 19 21 21 24 24 33 36 36 29 37 37 34 34 36 35 35 36 30 30 29 29 34 31 31 26 19 19 17 17 12 6 6 3 4 4 3 3 2 2 2 2 
12 12 14 14 14 17 20 20 22 22 23 27 27 28 27 27 39 39 44 46 46 47 43 43 46 46 41 43 43 37 29 29 19 19 15 7 7 4 2 2 2 2 3 2 2 2 
12 12 14 14 14 17 20 20 22 22 23 27 27 28 27 27 39 39 44 46 46 47 43 43 46 46 41 43 43 37 29 29 19 19 15 7 7 4 2 2 2 2 3 2 2 2 
16 16 13 13 13 14 17 17 21 21 22 25 25 29 31 31 40 40 43 50 50 53 51 51 52 52 59 56 56 51 45 45 35 35 24 19 19 9 5 5 3 3 2 2 2 1 
16 16 13 13 13 14 17 17 21 21 22 25 25 29 31 31 40 40 43 50 50 53 51 51 52 52 59 56 56 51 45 45 35 35 24 19 19 9 5 5 3 3 2 2 2 1 
17 17 11 8 8 9 11 11 15 15 21 26 26 31 34 34 46 46 51 61 61 58 59 59 61 61 67 72 72 64 53 53 43 43 27 18 18 12 5 5 3 3 1 1 1 1 
7 7 7 5 5 5 8 8 11 11 16 21 21 25 27 27 40 40 40 45 45 49 47 47 50 50 52 55 55 53 45 45 36 36 32 20 20 11 6 6 3 3 2 1 1 1 
7 7 7 5 5 5 8 8 11 11 16 21 21 25 27 27 40 40 40 45 45 49 47 47 50 50 52 55 55 53 45 45 36 36 32 20 20 11 6 6 3 3 2 1 1 1 
6 6 7 5 5 6 5 5 6 6 7 10 10 13 16 16 18 18 25 30 30 34 38 38 41 41 45 46 46 41 30 30 19 19 10 7 7 2 3 3 2 2 1 1 1 1 
5 5 6 5 5 7 5 5 4 4 4 4 4 8 10 10 13 13 19 21 21 22 24 24 24 24 27 28 28 29 27 27 17 17 11 7 7 4 1 1 2 2 2 1 1 2 
5 5 6 5 5 7 5 5 4 4 4 4 4 8 10 10 13 13 19 21 21 22 24 24 24 24 27 28 28 29 27 27 17 17 11 7 7 4 1 1 2 2 2 1 1 2 
3 3 2 5 5 6 5 5 5 5 6 6 6 7 9 9 11 11 17 16 16 21 22 22 19 19 21 20 20 17 16 16 11 11 8 8 8 4 3 3 1 1 1 1 1 1 
3 3 2 5 5 6 5 5 5 5 6 6 6 7 9 9 11 11 17 16 16 21 22 22 19 19 21 20 20 17 16 16 11 11 8 8 8 4 3 3 1 1 1 1 1 1 
4 4 4 4 4 4 5 5 5 5 5 6 6 7 8 8 9 9 11 14 14 18 24 24 25 25 23 20 20 17 14 14 12 12 9 5 5 3 1 1 1 1 1 1 1 1 
4 4 3 3 3 2 4 4 6 6 6 8 8 8 9 9 9 9 9 11 11 15 18 18 23 23 21 17 17 12 8 8 7 7 6 5 5 2 1 1 1 1 1 1 1 1 
4 4 3 3 3 2 4 4 6 6 6 8 8 8 9 9 9 9 9 11 11 15 18 18 23 23 21 17 17 12 8 8 7 7 6 5 5 2 1 1 1 1 1 1 1 1 
4 4 3 4 4 5 4 4 5 5 5 6 6 6 6 6 5 5 6 7 7 12 16 16 21 21 18 13 13 10 9 9 9 9 7 6 6 3 3 3 2 2 2 1 1 0 
4 4 4 5 5 7 7 7 5 5 4 5 5 7 6 6 6 6 7 7 7 10 15 15 19 19 14 11 11 8 6 6 5 5 8 9 9 6 5 5 3 3 1 1 1 0 
4 4 4 5 5 7 7 7 5 5 4 5 5 7 6 6 6 6 7 7 7 10 15 15 19 19 14 11 11 8 6 6 5 5 8 9 9 6 5 5 3 3 1 1 1 0 
21 21 4 4 4 7 7 7 6 6 5 7 7 7 7 7 8 8 10 11 11 11 12 12 20 20 22 15 15 11 7 7 6 6 6 7 7 7 4 4 2 2 1 1 1 1 
21 21 4 4 4 7 7 7 6 6 5 7 7 7 7 7 8 8 10 11 11 11 12 12 20 20 22 15 15 11 7 7 6 6 6 7 7 7 4 4 2 2 1 1 1 1 
21 21 7 9 9 9 10 10 9 9 7 7 7 8 10 10 10 10 11 12 12 12 13 13 15 15 16 13 13 12 7 7 4 4 5 7 7 6 5 5 3 3 2 2 2 1 
17 17 5 9 9 8 10 10 11 11 9 9 9 10 12 12 15 15 16 16 16 14 18 18 15 15 16 15 15 10 5 5 5 5 6 10 10 8 4 4 3 3 3 2 2 2 
17 17 5 9 9 8 10 10 11 11 9 9 9 10 12 12 15 15 16 16 16 14 18 18 15 15 16 15 15 10 5 5 5 5 6 10 10 8 4 4 3 3 3 2 2 2 
15 15 5 10 10 8 11 11 12 12 11 12 12 17 18 18 21 21 21 18 18 12 15 15 14 14 17 15 15 13 9 9 6 6 7 10 10 9 5 5 5 5 4 2 2 1 
9 9 7 4 4 6 7 7 6 6 6 9 9 11 19 19 20 20 20 17 17 12 10 10 15 15 10 10 10 10 11 11 9 9 8 12 12 9 9 9 7 7 5 2 2 0 
9 9 7 4 4 6 7 7 6 6 6 9 9 11 19 19 20 20 20 17 17 12 10 10 15 15 10 10 10 10 11 11 9 9 8 12 12 9 9 9 7 7 5 2 2 0 
8 8 8 8 8 8 7 7 6 6 5 5 5 9 10 10 9 9 15 19 19 21 15 15 16 16 11 14 14 10 9 9 10 10 11 10 10 10 8 8 6 6 3 1 1 0 
8 8 8 8 8 8 7 7 6 6 5 5 5 9 10 10 9 9 15 19 19 21 15 15 16 16 11 14 14 10 9 9 10 10 11 10 10 10 8 8 6 6 3 1 1 0 
5 5 6 5 5 7 9 9 8 8 7 6 6 6 6 6 6 6 8 15 15 17 17 17 18 18 14 14 14 13 10 10 9 9 9 7 7 8 6 6 6 6 3 1 1 0 
4 4 5 3 3 3 6 6 7 7 7 8 8 7 8 8 9 9 9 11 11 11 14 14 13 13 12 12 12 11 8 8 8 8 6 7 7 6 9 9 8 8 3 1 1 0 
4 4 5 3 3 3 6 6 7 7 7 8 8 7 8 8 9 9 9 11 11 11 14 14 13 13 12 12 12 11 8 8 8 8 6 7 7 6 9 9 8 8 3 1 1 0 
6 6 5 4 4 3 4 4 5 5 6 8 8 7 5 5 7 7 8 7 7 6 6 6 6 6 11 13 13 13 8 8 8 8 8 9 9 8 5 5 8 8 2 1 1 1 
5 5 4 3 3 4 5 5 4 4 4 7 7 8 5 5 3 3 3 5 5 5 4 4 4 4 5 5 5 8 10 10 6 6 8 11 11 7 4 4 3 3 4 3 3 1 
5 5 4 3 3 4 5 5 4 4 4 7 7 8 5 5 3 3 3 5 5 5 4 4 4 4 5 5 5 8 10 10 6 6 8 11 11 7 4 4 3 3 4 3 3 1 
3 3 3 4 4 5 5 5 3 3 2 5 5 10 7 7 2 2 1 2 2 4 3 3 2 2 4 2 2 4 5 5 6 6 5 6 6 6 3 3 3 3 3 3 3 2 
3 3 3 4 4 5 5 5 3 3 2 5 5 10 7 7 2 2 1 2 2 4 3 3 2 2 4 2 2 4 5 5 6 6 5 6 6 6 3 3 3 3 3 3 3 2 
5 5 4 3 3 2 2 2 1 1 2 3 3 4 4 4 2 2 1 1 1 4 5 5 5 5 2 3 3 2 5 5 5 5 6 4 4 5 5 5 2 2 1 1 1 1 
4 4 2 1 1 0 0 0 1 1 2 3 3 4 2 2 2 2 3 4 4 3 4 4 5 5 4 2 2 2 5 5 8 8 5 7 7 5 6 6 5 5 4 3 3 3 
4 4 2 1 1 0 0 0 1 1 2 3 3 4 2 2 2 2 3 4 4 3 4 4 5 5 4 2 2 2 5 5 8 8 5 7 7 5 6 6 5 5 4 3 3 3 
1 1 1 1 1 1 1 1 1 1 2 3 3 3 3 3 3 3 5 7 7 3 2 2 4 4 3 2 2 1 2 2 4 4 9 6 6 6 7 7 5 5 5 6 6 9 
1 1 0 1 1 2 3 3 2 2 3 4 4 4 5 5 5 5 6 8 8 5 2 2 3 3 4 1 1 1 2 2 3 3 8 11 11 9 10 10 10 10 11 14 14 18 
1 1 0 1 1 2 3 3 2 2 3 4 4 4 5 5 5 5 6 8 8 5 2 2 3 3 4 1 1 1 2 2 3 3 8 11 11 9 10 10 10 10 11 14 14 18 
1 1 1 1 1 2 3 3 4 4 3 3 3 4 4 4 3 3 7 7 7 7 5 5 5 5 3 1 1 2 2 2 2 2 3 12 12 18 19 19 18 18 17 20 20 20 
1 1 1 1 1 2 3 3 4 4 3 3 3 4 4 4 3 3 7 7 7 7 5 5 5 5 3 1 1 2 2 2 2 2 3 12 12 18 19 19 18 18 17 20 20 20 
1 1 2 2 2 2 4 4 3 3 4 2 2 1 2 2 4 4 3 5 5 4 6 6 6 6 5 4 4 2 1 1 2 2 3 10 10 16 20 20 30 30 24 18 18 16 
1 1 2 3 3 3 2 2 3 3 3 2 2 1 0 0 1 1 2 3 3 6 6 6 7 7 10 7 7 5 3 3 2 2 4 11 11 22 24 24 27 27 24 10 10 8 
1 1 2 3 3 3 2 2 3 3 3 2 2 1 0 0 1 1 2 3 3 6 6 6 7 7 10 7 7 5 3 3 2 2 4 11 11 22 24 24 27 27 24 10 10 8 
1 1 1 2 2 3 1 1 1 1 2 2 2 1 1 1 1 1 1 5 5 4 5 5 6 6 7 6 6 7 9 9 11 11 14 14 14 15 15 15 10 10 8 4 4 2 
0 0 0 1 1 1 0 0 0 0 1 1 1 1 2 2 2 2 2 2 2 3 3 3 3 3 5 7 7 11 18 18 21 21 14 8 8 3 2 2 3 3 1 3 3 3 
