assets/RAT_results_old/precipitation/2024-11-02_IMERG.asc
ncols        46
nrows        77
xllcorner    74.800261325624
yllcorner    8.058333333333
cellsize     0.062500000000
NODATA_value -9999
2 2 6 5 5 10 13 13 15 15 9 6 6 5 2 2 0 0 0 0 0 0 0 0 0 0 0 0 0 0 0 0 1 1 14 3 3 7 4 4 2 2 0 0 0 0 
3 3 6 6 6 15 22 22 23 23 15 11 11 10 5 5 1 1 0 0 0 0 0 0 0 0 0 1 1 2 1 1 0 0 0 0 0 1 1 1 0 0 0 0 0 0 
3 3 6 6 6 15 22 22 23 23 15 11 11 10 5 5 1 1 0 0 0 0 0 0 0 0 0 1 1 2 1 1 0 0 0 0 0 1 1 1 0 0 0 0 0 0 
1 1 2 2 2 5 6 6 8 8 6 4 4 4 1 1 0 0 0 0 0 0 2 2 0 0 4 3 3 1 1 1 0 0 0 0 0 0 0 0 0 0 0 0 0 0 
1 1 2 2 2 4 5 5 5 5 3 3 3 2 2 2 4 4 1 0 0 0 0 0 0 0 0 0 0 0 0 0 0 0 0 0 0 0 0 0 0 0 0 0 0 0 
1 1 2 2 2 4 5 5 5 5 3 3 3 2 2 2 4 4 1 0 0 0 0 0 0 0 0 0 0 0 0 0 0 0 0 0 0 0 0 0 0 0 0 0 0 0 
4 4 9 7 7 9 12 12 20 20 17 20 20 15 11 11 3 3 1 1 1 1 0 0 0 0 0 0 0 0 0 0 0 0 0 0 0 0 0 0 0 0 0 0 0 0 
4 4 9 7 7 9 12 12 20 20 17 20 20 15 11 11 3 3 1 1 1 1 0 0 0 0 0 0 0 0 0 0 0 0 0 0 0 0 0 0 0 0 0 0 0 0 
1 1 1 1 1 2 4 4 8 8 7 17 17 14 20 20 16 16 8 5 5 2 1 1 0 0 0 0 0 0 0 0 0 0 0 0 0 0 0 0 0 0 0 0 0 1 
2 2 2 2 2 3 5 5 17 17 14 27 27 33 44 44 31 31 12 5 5 4 0 0 0 0 0 0 0 0 0 0 0 0 0 0 0 0 0 0 0 0 0 0 0 0 
2 2 2 2 2 3 5 5 17 17 14 27 27 33 44 44 31 31 12 5 5 4 0 0 0 0 0 0 0 0 0 0 0 0 0 0 0 0 0 0 0 0 0 0 0 0 
2 2 4 5 5 7 4 4 10 10 22 48 48 52 44 44 40 40 26 20 20 3 1 1 0 0 0 0 0 0 0 0 0 0 0 0 0 0 0 0 0 0 1 0 0 0 
3 3 5 3 3 4 3 3 4 4 25 39 39 60 60 60 28 28 17 19 19 2 1 1 0 0 0 0 0 0 0 0 0 0 0 0 0 0 0 0 1 1 2 2 2 2 
3 3 5 3 3 4 3 3 4 4 25 39 39 60 60 60 28 28 17 19 19 2 1 1 0 0 0 0 0 0 0 0 0 0 0 0 0 0 0 0 1 1 2 2 2 2 
5 5 2 2 2 1 2 2 1 1 6 23 23 21 30 30 17 17 9 1 1 0 0 0 0 0 0 0 0 0 0 0 0 0 0 0 0 0 0 0 1 1 2 3 3 1 
5 5 2 2 2 1 2 2 1 1 6 23 23 21 30 30 17 17 9 1 1 0 0 0 0 0 0 0 0 0 0 0 0 0 0 0 0 0 0 0 1 1 2 3 3 1 
4 4 2 3 3 4 1 1 1 1 9 36 36 13 8 8 5 5 0 0 0 0 2 2 1 1 1 2 2 2 1 1 1 1 0 0 0 0 0 0 0 0 2 6 6 1 
8 8 8 7 7 6 6 6 3 3 4 8 8 9 0 0 0 0 0 2 2 3 1 1 1 1 1 1 1 1 1 1 2 2 2 2 2 0 0 0 0 0 1 4 4 3 
8 8 8 7 7 6 6 6 3 3 4 8 8 9 0 0 0 0 0 2 2 3 1 1 1 1 1 1 1 1 1 1 2 2 2 2 2 0 0 0 0 0 1 4 4 3 
25 25 16 18 18 13 24 24 6 6 13 2 2 1 1 1 5 5 3 8 8 10 5 5 4 4 1 4 4 2 2 2 3 3 2 2 2 2 2 2 2 2 2 2 2 1 
31 31 25 15 15 28 31 31 20 20 4 3 3 2 2 2 5 5 12 24 24 18 11 11 10 10 8 12 12 8 8 8 10 10 11 12 12 10 6 6 4 4 4 3 3 2 
31 31 25 15 15 28 31 31 20 20 4 3 3 2 2 2 5 5 12 24 24 18 11 11 10 10 8 12 12 8 8 8 10 10 11 12 12 10 6 6 4 4 4 3 3 2 
46 46 35 30 30 15 22 22 28 28 25 6 6 2 2 2 4 4 17 48 48 19 17 17 21 21 19 16 16 16 12 12 12 12 13 12 12 11 8 8 5 5 5 6 6 4 
46 46 35 30 30 15 22 22 28 28 25 6 6 2 2 2 4 4 17 48 48 19 17 17 21 21 19 16 16 16 12 12 12 12 13 12 12 11 8 8 5 5 5 6 6 4 
55 55 60 26 26 26 15 15 6 6 4 3 3 2 1 1 1 1 3 7 7 17 22 22 37 37 37 36 36 28 24 24 22 22 12 7 7 4 3 3 2 2 3 3 3 3 
56 56 51 32 32 30 23 23 11 11 7 1 1 1 2 2 1 1 3 2 2 12 20 20 34 34 40 38 38 31 27 27 25 25 14 7 7 3 1 1 3 3 5 6 6 5 
56 56 51 32 32 30 23 23 11 11 7 1 1 1 2 2 1 1 3 2 2 12 20 20 34 34 40 38 38 31 27 27 25 25 14 7 7 3 1 1 3 3 5 6 6 5 
68 68 60 34 34 28 12 12 7 7 5 5 5 1 3 3 7 7 3 5 5 8 20 20 29 29 39 38 38 33 27 27 18 18 9 4 4 1 0 0 1 1 7 7 7 5 
83 83 65 34 34 29 10 10 6 6 4 2 2 4 2 2 6 6 5 5 5 8 14 14 16 16 31 32 32 26 23 23 15 15 7 4 4 2 7 7 38 38 21 21 21 17 
83 83 65 34 34 29 10 10 6 6 4 2 2 4 2 2 6 6 5 5 5 8 14 14 16 16 31 32 32 26 23 23 15 15 7 4 4 2 7 7 38 38 21 21 21 17 
88 88 74 37 37 31 11 11 5 5 4 3 3 3 8 8 15 15 11 14 14 28 35 35 46 46 39 26 26 22 16 16 12 12 6 3 3 4 9 9 30 30 19 20 20 19 
88 88 74 37 37 31 11 11 5 5 4 3 3 3 8 8 15 15 11 14 14 28 35 35 46 46 39 26 26 22 16 16 12 12 6 3 3 4 9 9 30 30 19 20 20 19 
97 97 50 41 41 38 20 20 9 9 7 7 7 9 15 15 17 17 15 21 21 31 41 41 51 51 46 30 30 21 20 20 11 11 6 1 1 0 0 0 1 1 3 50 50 43 
82 82 49 40 40 30 22 22 21 21 11 10 10 20 18 18 16 16 20 24 24 27 29 29 53 53 41 26 26 21 10 10 7 7 4 1 1 0 2 2 6 6 3 6 6 8 
82 82 49 40 40 30 22 22 21 21 11 10 10 20 18 18 16 16 20 24 24 27 29 29 53 53 41 26 26 21 10 10 7 7 4 1 1 0 2 2 6 6 3 6 6 8 
81 81 55 55 55 43 41 41 28 28 26 18 18 15 28 28 26 26 17 22 22 26 29 29 30 30 31 26 26 20 11 11 8 8 11 6 6 3 1 1 22 22 15 10 10 8 
56 56 51 53 53 41 40 40 33 33 36 20 20 16 21 21 34 34 24 23 23 31 35 35 29 29 31 23 23 20 13 13 8 8 7 9 9 1 8 8 29 29 36 22 22 18 
56 56 51 53 53 41 40 40 33 33 36 20 20 16 21 21 34 34 24 23 23 31 35 35 29 29 31 23 23 20 13 13 8 8 7 9 9 1 8 8 29 29 36 22 22 18 
38 38 33 37 37 36 36 36 30 30 30 19 19 17 17 17 19 19 28 24 24 37 22 22 22 22 21 20 20 18 8 8 5 5 6 1 1 0 0 0 13 13 10 10 10 8 
38 38 33 37 37 36 36 36 30 30 30 19 19 17 17 17 19 19 28 24 24 37 22 22 22 22 21 20 20 18 8 8 5 5 6 1 1 0 0 0 13 13 10 10 10 8 
18 18 18 20 20 17 21 21 23 23 23 25 25 21 22 22 20 20 54 47 47 65 39 39 44 44 19 14 14 12 7 7 4 4 3 4 4 4 6 6 6 6 3 5 5 8 
12 12 25 32 32 38 42 42 40 40 36 37 37 30 30 30 28 28 25 30 30 64 42 42 35 35 20 12 12 5 3 3 1 1 3 5 5 7 10 10 8 8 14 6 6 6 
12 12 25 32 32 38 42 42 40 40 36 37 37 30 30 30 28 28 25 30 30 64 42 42 35 35 20 12 12 5 3 3 1 1 3 5 5 7 10 10 8 8 14 6 6 6 
16 16 12 24 24 34 40 40 45 45 44 42 42 39 28 28 29 29 25 36 36 55 47 47 48 48 36 28 28 19 16 16 13 13 13 9 9 14 13 13 17 17 11 5 5 2 
20 20 19 33 33 47 50 50 54 54 49 44 44 41 28 28 27 27 25 23 23 22 31 31 31 31 24 20 20 29 22 22 13 13 16 25 25 23 35 35 23 23 15 11 11 6 
20 20 19 33 33 47 50 50 54 54 49 44 44 41 28 28 27 27 25 23 23 22 31 31 31 31 24 20 20 29 22 22 13 13 16 25 25 23 35 35 23 23 15 11 11 6 
22 22 19 21 21 27 27 27 36 36 38 38 38 40 42 42 23 23 20 15 15 25 23 23 19 19 12 12 12 11 14 14 22 22 25 25 25 26 8 8 5 5 4 2 2 2 
22 22 19 21 21 27 27 27 36 36 38 38 38 40 42 42 23 23 20 15 15 25 23 23 19 19 12 12 12 11 14 14 22 22 25 25 25 26 8 8 5 5 4 2 2 2 
25 25 22 24 24 28 22 22 24 24 30 31 31 33 36 36 22 22 18 15 15 16 28 28 16 16 9 14 14 17 20 20 34 34 31 13 13 5 6 6 2 2 3 3 3 8 
23 23 21 24 24 20 21 21 24 24 30 34 34 38 39 39 22 22 22 18 18 15 11 11 13 13 15 13 13 16 16 16 24 24 22 8 8 4 1 1 1 1 6 7 7 20 
23 23 21 24 24 20 21 21 24 24 30 34 34 38 39 39 22 22 22 18 18 15 11 11 13 13 15 13 13 16 16 16 24 24 22 8 8 4 1 1 1 1 6 7 7 20 
16 16 19 21 21 19 20 20 24 24 31 31 31 35 44 44 45 45 31 32 32 25 21 21 19 19 21 17 17 21 25 25 30 30 21 12 12 6 8 8 5 5 3 5 5 27 
4 4 5 9 9 15 20 20 27 27 31 34 34 40 46 46 48 48 39 42 42 34 22 22 16 16 17 20 20 21 34 34 32 32 17 24 24 11 6 6 7 7 11 10 10 15 
4 4 5 9 9 15 20 20 27 27 31 34 34 40 46 46 48 48 39 42 42 34 22 22 16 16 17 20 20 21 34 34 32 32 17 24 24 11 6 6 7 7 11 10 10 15 
2 2 4 8 8 10 16 16 26 26 31 31 31 33 40 40 45 45 48 47 47 42 26 26 25 25 19 20 20 26 35 35 45 45 20 18 18 15 15 15 3 3 7 9 9 15 
2 2 4 8 8 10 16 16 26 26 31 31 31 33 40 40 45 45 48 47 47 42 26 26 25 25 19 20 20 26 35 35 45 45 20 18 18 15 15 15 3 3 7 9 9 15 
2 2 3 7 7 15 23 23 29 29 34 41 41 43 49 49 49 49 53 36 36 27 16 16 20 20 31 32 32 43 59 59 42 42 15 12 12 10 6 6 3 3 0 5 5 14 
5 5 9 14 14 22 29 29 36 36 42 49 49 50 61 61 56 56 48 46 46 15 10 10 16 16 24 39 39 40 53 53 21 21 8 10 10 3 2 2 5 5 7 12 12 18 
5 5 9 14 14 22 29 29 36 36 42 49 49 50 61 61 56 56 48 46 46 15 10 10 16 16 24 39 39 40 53 53 21 21 8 10 10 3 2 2 5 5 7 12 12 18 
2 2 7 12 12 21 32 32 33 33 38 47 47 49 47 47 58 58 47 44 44 11 7 7 9 9 19 30 30 44 40 40 28 28 14 15 15 6 4 4 4 4 26 24 24 27 
3 3 8 14 14 23 26 26 31 31 35 45 45 47 47 47 55 55 46 40 40 21 5 5 3 3 12 19 19 27 21 21 23 23 15 11 11 18 6 6 2 2 1 50 50 21 
3 3 8 14 14 23 26 26 31 31 35 45 45 47 47 47 55 55 46 40 40 21 5 5 3 3 12 19 19 27 21 21 23 23 15 11 11 18 6 6 2 2 1 50 50 21 
2 2 5 7 7 11 15 15 19 19 23 26 26 34 35 35 43 43 35 27 27 13 9 9 6 6 6 10 10 9 11 11 27 27 11 7 7 3 2 2 1 1 3 22 22 42 
2 2 5 7 7 11 15 15 19 19 23 26 26 34 35 35 43 43 35 27 27 13 9 9 6 6 6 10 10 9 11 11 27 27 11 7 7 3 2 2 1 1 3 22 22 42 
2 2 5 7 7 10 13 13 15 15 17 18 18 25 26 26 33 33 21 17 17 9 6 6 8 8 9 3 3 5 11 11 17 17 20 8 8 13 2 2 2 2 2 13 13 18 
2 2 1 3 3 6 9 9 14 14 16 23 23 21 23 23 27 27 26 15 15 12 12 12 20 20 38 5 5 15 23 23 37 37 16 22 22 13 6 6 0 0 5 16 16 21 
2 2 1 3 3 6 9 9 14 14 16 23 23 21 23 23 27 27 26 15 15 12 12 12 20 20 38 5 5 15 23 23 37 37 16 22 22 13 6 6 0 0 5 16 16 21 
3 3 2 3 3 8 8 8 10 10 11 18 18 17 16 16 13 13 14 14 14 15 16 16 69 69 48 48 48 17 29 29 26 26 18 13 13 21 3 3 0 0 4 8 8 15 
2 2 1 1 1 3 5 5 10 10 11 12 12 18 18 18 14 14 18 19 19 14 16 16 18 18 54 61 61 59 26 26 23 23 9 13 13 14 6 6 4 4 7 7 7 11 
2 2 1 1 1 3 5 5 10 10 11 12 12 18 18 18 14 14 18 19 19 14 16 16 18 18 54 61 61 59 26 26 23 23 9 13 13 14 6 6 4 4 7 7 7 11 
5 5 2 6 6 5 7 7 12 12 13 13 13 21 20 20 19 19 17 19 19 13 13 13 15 15 59 57 57 61 57 57 21 21 27 25 25 24 25 25 20 20 10 16 16 15 
5 5 2 6 6 5 7 7 12 12 13 13 13 21 20 20 19 19 17 19 19 13 13 13 15 15 59 57 57 61 57 57 21 21 27 25 25 24 25 25 20 20 10 16 16 15 
7 7 4 3 3 6 7 7 10 10 15 17 17 25 23 23 21 21 23 22 22 11 7 7 7 7 45 43 43 54 46 46 33 33 22 24 24 10 17 17 15 15 35 20 20 13 
2 2 7 2 2 2 4 4 8 8 11 14 14 23 22 22 21 21 22 21 21 11 4 4 7 7 5 37 37 37 36 36 43 43 17 27 27 30 29 29 31 31 43 37 37 25 
2 2 7 2 2 2 4 4 8 8 11 14 14 23 22 22 21 21 22 21 21 11 4 4 7 7 5 37 37 37 36 36 43 43 17 27 27 30 29 29 31 31 43 37 37 25 
2 2 1 2 2 0 1 1 4 4 6 10 10 12 19 19 18 18 17 15 15 13 6 6 6 6 16 64 64 53 43 43 32 32 30 41 41 9 25 25 39 39 64 30 30 44 
0 0 0 0 0 0 1 1 3 3 7 18 18 17 15 15 16 16 11 11 11 14 24 24 26 26 46 22 22 53 51 51 39 39 25 2 2 8 12 12 23 23 68 87 87 54 
