assets/RAT_results_old/precipitation/2024-07-27_IMERG.asc
ncols        46
nrows        77
xllcorner    74.800261325624
yllcorner    8.058333333333
cellsize     0.062500000000
NODATA_value -9999
5 5 5 8 8 7 9 9 5 5 5 7 7 18 23 23 22 22 22 17 17 6 3 3 1 1 1 2 2 2 0 0 2 2 2 4 4 6 3 3 3 3 2 1 1 2 
3 3 5 8 8 13 10 10 7 7 6 9 9 20 17 17 16 16 28 19 19 9 4 4 2 2 1 2 2 1 1 1 2 2 1 3 3 5 5 5 2 2 2 1 1 2 
3 3 5 8 8 13 10 10 7 7 6 9 9 20 17 17 16 16 28 19 19 9 4 4 2 2 1 2 2 1 1 1 2 2 1 3 3 5 5 5 2 2 2 1 1 2 
5 5 13 14 14 11 7 7 9 9 12 12 12 18 37 37 30 30 22 21 21 12 5 5 12 12 5 6 6 6 4 4 1 1 1 4 4 9 5 5 5 5 1 1 1 1 
2 2 10 12 12 8 11 11 13 13 16 22 22 39 38 38 46 46 42 21 21 19 19 19 27 27 11 4 4 17 4 4 2 2 4 4 4 4 5 5 4 4 3 2 2 2 
2 2 10 12 12 8 11 11 13 13 16 22 22 39 38 38 46 46 42 21 21 19 19 19 27 27 11 4 4 17 4 4 2 2 4 4 4 4 5 5 4 4 3 2 2 2 
1 1 1 6 6 8 18 18 21 21 29 31 31 47 30 30 21 21 27 22 22 31 29 29 10 10 7 6 6 4 3 3 6 6 2 4 4 6 8 8 3 3 3 3 3 3 
1 1 1 6 6 8 18 18 21 21 29 31 31 47 30 30 21 21 27 22 22 31 29 29 10 10 7 6 6 4 3 3 6 6 2 4 4 6 8 8 3 3 3 3 3 3 
2 2 2 11 11 17 21 21 22 22 22 24 24 26 25 25 24 24 33 13 13 9 6 6 5 5 5 9 9 9 9 9 3 3 3 4 4 3 3 3 3 3 1 1 1 4 
5 5 3 8 8 12 21 21 22 22 18 24 24 18 18 18 20 20 21 10 10 9 10 10 5 5 6 8 8 6 6 6 4 4 2 4 4 2 3 3 3 3 2 2 2 5 
5 5 3 8 8 12 21 21 22 22 18 24 24 18 18 18 20 20 21 10 10 9 10 10 5 5 6 8 8 6 6 6 4 4 2 4 4 2 3 3 3 3 2 2 2 5 
3 3 2 7 7 17 21 21 20 20 22 31 31 28 22 22 14 14 11 8 8 13 11 11 10 10 9 9 9 8 7 7 5 5 3 5 5 4 6 6 5 5 5 5 5 4 
3 3 4 5 5 15 26 26 26 26 22 21 21 22 24 24 15 15 10 9 9 22 20 20 16 16 14 14 14 11 9 9 6 6 5 6 6 7 6 6 6 6 5 4 4 4 
3 3 4 5 5 15 26 26 26 26 22 21 21 22 24 24 15 15 10 9 9 22 20 20 16 16 14 14 14 11 9 9 6 6 5 6 6 7 6 6 6 6 5 4 4 4 
4 4 4 5 5 5 25 25 31 31 20 21 21 28 26 26 17 17 16 17 17 32 36 36 26 26 17 18 18 19 16 16 11 11 8 8 8 7 9 9 7 7 5 4 4 4 
4 4 4 5 5 5 25 25 31 31 20 21 21 28 26 26 17 17 16 17 17 32 36 36 26 26 17 18 18 19 16 16 11 11 8 8 8 7 9 9 7 7 5 4 4 4 
2 2 2 2 2 3 11 11 28 28 22 22 22 33 30 30 25 25 20 18 18 37 47 47 40 40 26 19 19 21 18 18 14 14 11 8 8 6 8 8 9 9 9 5 5 2 
4 4 4 3 3 4 6 6 15 15 33 31 31 29 41 41 44 44 29 29 29 44 43 43 43 43 31 21 21 17 15 15 12 12 11 9 9 5 6 6 6 6 7 4 4 3 
4 4 4 3 3 4 6 6 15 15 33 31 31 29 41 41 44 44 29 29 29 44 43 43 43 43 31 21 21 17 15 15 12 12 11 9 9 5 6 6 6 6 7 4 4 3 
7 7 7 4 4 6 5 5 10 10 27 35 35 37 44 44 42 42 36 36 36 37 43 43 43 43 36 25 25 17 15 15 9 9 10 10 10 7 6 6 4 4 4 3 3 3 
11 11 12 4 4 5 5 5 5 5 11 41 41 41 47 47 44 44 36 31 31 36 49 49 41 41 38 28 28 18 13 13 8 8 9 10 10 8 3 3 2 2 2 1 1 2 
11 11 12 4 4 5 5 5 5 5 11 41 41 41 47 47 44 44 36 31 31 36 49 49 41 41 38 28 28 18 13 13 8 8 9 10 10 8 3 3 2 2 2 1 1 2 
6 6 5 5 5 6 6 6 7 7 9 26 26 33 49 49 58 58 43 37 37 35 39 39 30 30 31 25 25 14 12 12 14 14 9 6 6 5 3 3 2 2 2 1 1 1 
6 6 5 5 5 6 6 6 7 7 9 26 26 33 49 49 58 58 43 37 37 35 39 39 30 30 31 25 25 14 12 12 14 14 9 6 6 5 3 3 2 2 2 1 1 1 
3 3 4 6 6 9 10 10 12 12 11 11 11 29 44 44 47 47 36 28 28 31 25 25 18 18 16 16 16 10 11 11 12 12 7 5 5 2 3 3 3 3 2 2 2 1 
6 6 7 7 7 7 14 14 15 15 15 16 16 24 27 27 26 26 25 21 21 23 15 15 13 13 15 12 12 9 9 9 7 7 4 5 5 2 4 4 2 2 2 1 1 1 
6 6 7 7 7 7 14 14 15 15 15 16 16 24 27 27 26 26 25 21 21 23 15 15 13 13 15 12 12 9 9 9 7 7 4 5 5 2 4 4 2 2 2 1 1 1 
5 5 6 5 5 8 9 9 11 11 10 9 9 14 27 27 18 18 17 7 7 9 8 8 9 9 11 6 6 7 3 3 1 1 1 3 3 0 2 2 2 2 1 2 2 1 
4 4 4 4 4 3 6 6 9 9 5 7 7 9 14 14 18 18 12 10 10 4 4 4 5 5 4 4 4 4 3 3 1 1 1 4 4 1 2 2 1 1 1 1 1 2 
4 4 4 4 4 3 6 6 9 9 5 7 7 9 14 14 18 18 12 10 10 4 4 4 5 5 4 4 4 4 3 3 1 1 1 4 4 1 2 2 1 1 1 1 1 2 
3 3 4 3 3 1 3 3 4 4 2 5 5 6 10 10 15 15 14 3 3 5 1 1 3 3 4 6 6 8 7 7 3 3 4 4 4 2 1 1 1 1 2 1 1 1 
3 3 4 3 3 1 3 3 4 4 2 5 5 6 10 10 15 15 14 3 3 5 1 1 3 3 4 6 6 8 7 7 3 3 4 4 4 2 1 1 1 1 2 1 1 1 
2 2 3 3 3 1 1 1 1 1 4 5 5 6 5 5 27 27 19 4 4 2 1 1 1 1 4 8 8 9 5 5 2 2 2 2 2 3 2 2 4 4 4 1 1 0 
3 3 3 3 3 2 1 1 1 1 3 6 6 5 7 7 9 9 22 7 7 5 4 4 3 3 3 9 9 10 12 12 10 10 10 2 2 3 1 1 1 1 1 1 1 0 
3 3 3 3 3 2 1 1 1 1 3 6 6 5 7 7 9 9 22 7 7 5 4 4 3 3 3 9 9 10 12 12 10 10 10 2 2 3 1 1 1 1 1 1 1 0 
2 2 2 1 1 1 0 0 1 1 3 5 5 8 7 7 5 5 19 11 11 6 4 4 2 2 2 5 5 12 12 12 12 12 12 2 2 0 0 0 0 0 0 1 1 0 
0 0 0 1 1 1 1 1 1 1 1 1 1 3 3 3 2 2 12 14 14 15 2 2 2 2 4 9 9 14 8 8 4 4 3 1 1 0 0 0 0 0 1 1 1 0 
0 0 0 1 1 1 1 1 1 1 1 1 1 3 3 3 2 2 12 14 14 15 2 2 2 2 4 9 9 14 8 8 4 4 3 1 1 0 0 0 0 0 1 1 1 0 
0 0 0 0 0 0 0 0 2 2 2 1 1 1 3 3 3 3 7 11 11 14 6 6 6 6 8 10 10 8 3 3 2 2 2 2 2 2 0 0 1 1 0 0 0 1 
0 0 0 0 0 0 0 0 2 2 2 1 1 1 3 3 3 3 7 11 11 14 6 6 6 6 8 10 10 8 3 3 2 2 2 2 2 2 0 0 1 1 0 0 0 1 
0 0 0 0 0 0 1 1 2 2 1 1 1 1 2 2 1 1 1 1 1 3 5 5 6 6 15 10 10 5 1 1 5 5 4 4 4 3 1 1 0 0 0 2 2 1 
0 0 0 1 1 0 1 1 1 1 1 1 1 2 2 2 1 1 3 4 4 2 5 5 3 3 8 7 7 3 2 2 4 4 2 2 2 1 1 1 2 2 2 1 1 3 
0 0 0 1 1 0 1 1 1 1 1 1 1 2 2 2 1 1 3 4 4 2 5 5 3 3 8 7 7 3 2 2 4 4 2 2 2 1 1 1 2 2 2 1 1 3 
1 1 1 0 0 2 8 8 7 7 3 2 2 2 2 2 2 2 1 2 2 3 6 6 5 5 6 7 7 7 4 4 1 1 0 0 0 0 1 1 3 3 1 1 1 0 
3 3 1 2 2 5 8 8 5 5 2 2 2 2 2 2 1 1 0 1 1 1 5 5 2 2 4 6 6 9 5 5 1 1 0 1 1 0 0 0 1 1 1 0 0 0 
3 3 1 2 2 5 8 8 5 5 2 2 2 2 2 2 1 1 0 1 1 1 5 5 2 2 4 6 6 9 5 5 1 1 0 1 1 0 0 0 1 1 1 0 0 0 
2 2 3 1 1 2 2 2 2 2 2 3 3 2 3 3 2 2 0 1 1 1 1 1 3 3 3 4 4 10 3 3 1 1 1 0 0 0 1 1 2 2 1 1 1 1 
2 2 3 1 1 2 2 2 2 2 2 3 3 2 3 3 2 2 0 1 1 1 1 1 3 3 3 4 4 10 3 3 1 1 1 0 0 0 1 1 2 2 1 1 1 1 
0 0 1 1 1 1 1 1 2 2 2 1 1 1 2 2 3 3 2 0 0 0 1 1 2 2 1 3 3 2 4 4 1 1 1 1 1 1 1 1 2 2 2 1 1 1 
0 0 0 0 0 1 1 1 1 1 2 2 2 3 1 1 1 1 1 0 0 0 1 1 4 4 1 0 0 0 0 0 1 1 4 3 3 2 2 2 3 3 2 1 1 1 
0 0 0 0 0 1 1 1 1 1 2 2 2 3 1 1 1 1 1 0 0 0 1 1 4 4 1 0 0 0 0 0 1 1 4 3 3 2 2 2 3 3 2 1 1 1 
0 0 0 0 0 0 1 1 2 2 3 5 5 1 1 1 0 0 1 1 1 0 1 1 2 2 1 1 1 0 1 1 3 3 6 6 6 3 3 3 2 2 1 0 0 0 
1 1 1 0 0 0 0 0 1 1 5 4 4 2 0 0 0 0 1 1 1 1 0 0 2 2 2 1 1 1 1 1 5 5 6 5 5 5 4 4 2 2 1 0 0 0 
1 1 1 0 0 0 0 0 1 1 5 4 4 2 0 0 0 0 1 1 1 1 0 0 2 2 2 1 1 1 1 1 5 5 6 5 5 5 4 4 2 2 1 0 0 0 
0 0 0 0 0 0 0 0 2 2 2 2 2 2 0 0 0 0 0 1 1 0 1 1 3 3 4 5 5 4 2 2 2 2 4 5 5 3 2 2 1 1 1 0 0 0 
0 0 0 0 0 0 0 0 2 2 2 2 2 2 0 0 0 0 0 1 1 0 1 1 3 3 4 5 5 4 2 2 2 2 4 5 5 3 2 2 1 1 1 0 0 0 
0 0 1 1 1 0 1 1 1 1 1 0 0 0 0 0 0 0 1 0 0 1 1 1 3 3 5 4 4 3 1 1 1 1 3 3 3 2 1 1 1 1 1 0 0 0 
0 0 0 0 0 0 0 0 0 0 0 0 0 0 0 0 0 0 0 0 0 0 0 0 1 1 9 6 6 4 2 2 3 3 2 2 2 1 1 1 1 1 1 0 0 0 
0 0 0 0 0 0 0 0 0 0 0 0 0 0 0 0 0 0 0 0 0 0 0 0 1 1 9 6 6 4 2 2 3 3 2 2 2 1 1 1 1 1 1 0 0 0 
0 0 0 0 0 0 0 0 0 0 0 0 0 0 0 0 0 0 1 1 1 0 0 0 0 0 6 4 4 3 4 4 4 4 4 2 2 1 1 1 1 1 0 0 0 0 
0 0 0 0 0 1 1 1 1 1 0 0 0 0 0 0 0 0 0 0 0 0 0 0 1 1 2 4 4 5 4 4 4 4 2 1 1 1 0 0 0 0 0 1 1 1 
0 0 0 0 0 1 1 1 1 1 0 0 0 0 0 0 0 0 0 0 0 0 0 0 1 1 2 4 4 5 4 4 4 4 2 1 1 1 0 0 0 0 0 1 1 1 
0 0 0 0 0 1 1 1 1 1 1 1 1 1 0 0 0 0 0 0 0 0 0 0 0 0 1 4 4 5 6 6 5 5 3 3 3 1 0 0 0 0 0 0 0 0 
0 0 0 0 0 1 1 1 1 1 1 1 1 1 0 0 0 0 0 0 0 0 0 0 0 0 1 4 4 5 6 6 5 5 3 3 3 1 0 0 0 0 0 0 0 0 
0 0 0 0 0 0 1 1 1 1 1 1 1 1 0 0 0 0 0 0 0 0 0 0 1 1 0 0 0 3 3 3 3 3 3 4 4 2 1 1 1 1 1 0 0 0 
0 0 0 0 0 0 1 1 1 1 1 1 1 1 1 1 1 1 1 0 0 1 0 0 0 0 0 0 0 1 1 1 1 1 1 2 2 3 2 2 1 1 1 1 1 0 
0 0 0 0 0 0 1 1 1 1 1 1 1 1 1 1 1 1 1 0 0 1 0 0 0 0 0 0 0 1 1 1 1 1 1 2 2 3 2 2 1 1 1 1 1 0 
0 0 0 0 0 0 0 0 0 0 1 1 1 1 1 1 1 1 1 1 1 1 0 0 0 0 0 0 0 0 0 0 2 2 2 5 5 5 4 4 5 5 1 1 1 1 
0 0 0 0 0 0 0 0 0 0 0 1 1 1 1 1 1 1 1 1 1 1 1 1 0 0 0 0 0 0 0 0 1 1 1 1 1 1 3 3 3 3 1 1 1 1 
0 0 0 0 0 0 0 0 0 0 0 1 1 1 1 1 1 1 1 1 1 1 1 1 0 0 0 0 0 0 0 0 1 1 1 1 1 1 3 3 3 3 1 1 1 1 
0 0 0 0 0 0 0 0 0 0 0 1 1 1 1 1 1 1 1 1 1 1 1 1 0 0 1 1 1 0 0 0 0 0 1 1 1 1 1 1 0 0 1 0 0 0 
0 0 0 0 0 0 0 0 0 0 0 1 1 1 1 1 1 1 1 1 1 1 1 1 0 0 1 1 1 0 0 0 0 0 1 1 1 1 1 1 0 0 1 0 0 0 
0 0 0 0 0 0 1 1 1 1 1 1 1 1 1 1 1 1 1 2 2 2 1 1 1 1 0 0 0 1 0 0 0 0 3 3 3 3 3 3 0 0 2 1 1 1 
1 1 0 0 0 0 1 1 1 1 1 1 1 1 1 1 2 2 2 3 3 2 2 2 2 2 1 1 1 1 0 0 1 1 0 0 0 5 4 4 1 1 1 2 2 1 
1 1 0 0 0 0 1 1 1 1 1 1 1 1 1 1 2 2 2 3 3 2 2 2 2 2 1 1 1 1 0 0 1 1 0 0 0 5 4 4 1 1 1 2 2 1 
1 1 1 1 1 1 1 1 1 1 1 1 1 1 3 3 3 3 3 3 3 3 3 3 1 1 1 1 1 0 0 0 1 1 1 0 0 1 3 3 3 3 3 1 1 1 
1 1 1 1 1 1 1 1 1 1 1 2 2 2 3 3 4 4 4 4 4 3 3 3 3 3 2 0 0 0 0 0 0 0 1 1 1 1 2 2 2 2 4 1 1 0 
