assets/RAT_results_old/precipitation/2024-05-31_IMERG.asc
ncols        46
nrows        77
xllcorner    74.800261325624
yllcorner    8.058333333333
cellsize     0.062500000000
NODATA_value -9999
3 3 2 1 1 1 2 2 2 2 1 2 2 3 1 1 1 1 1 1 1 1 0 0 1 1 1 1 1 0 0 0 2 2 2 3 3 4 4 4 3 3 3 2 2 1 
7 7 4 2 2 3 3 3 3 3 3 2 2 2 2 2 3 3 3 2 2 1 0 0 0 0 1 1 1 1 1 1 2 2 2 3 3 4 6 6 5 5 5 5 5 3 
7 7 4 2 2 3 3 3 3 3 3 2 2 2 2 2 3 3 3 2 2 1 0 0 0 0 1 1 1 1 1 1 2 2 2 3 3 4 6 6 5 5 5 5 5 3 
8 8 6 3 3 5 3 3 4 4 5 4 4 2 2 2 4 4 4 3 3 1 0 0 0 0 0 0 0 1 2 2 3 3 2 2 2 2 3 3 4 4 5 4 4 3 
8 8 6 6 6 7 8 8 2 2 3 2 2 1 1 1 3 3 4 3 3 2 1 1 1 1 1 1 1 1 2 2 3 3 2 2 2 2 2 2 8 8 10 10 10 8 
8 8 6 6 6 7 8 8 2 2 3 2 2 1 1 1 3 3 4 3 3 2 1 1 1 1 1 1 1 1 2 2 3 3 2 2 2 2 2 2 8 8 10 10 10 8 
20 20 14 6 6 3 6 6 5 5 2 2 2 1 2 2 2 2 3 2 2 3 4 4 2 2 3 2 2 2 2 2 3 3 4 4 4 4 5 5 9 9 12 12 12 14 
20 20 14 6 6 3 6 6 5 5 2 2 2 1 2 2 2 2 3 2 2 3 4 4 2 2 3 2 2 2 2 2 3 3 4 4 4 4 5 5 9 9 12 12 12 14 
19 19 16 13 13 5 3 3 5 5 5 2 2 2 2 2 2 2 3 4 4 6 7 7 4 4 4 4 4 5 4 4 5 5 6 8 8 8 12 12 15 15 16 16 16 15 
24 24 30 16 16 8 6 6 4 4 3 2 2 3 3 3 3 3 3 4 4 5 7 7 5 5 7 6 6 7 7 7 7 7 7 10 10 13 20 20 21 21 45 18 18 29 
24 24 30 16 16 8 6 6 4 4 3 2 2 3 3 3 3 3 3 4 4 5 7 7 5 5 7 6 6 7 7 7 7 7 7 10 10 13 20 20 21 21 45 18 18 29 
21 21 33 35 35 19 12 12 9 9 6 5 5 4 3 3 3 3 3 3 3 4 5 5 6 6 10 8 8 9 9 9 9 9 8 9 9 10 21 21 27 27 46 17 17 29 
16 16 37 37 37 33 25 25 11 11 8 8 8 8 4 4 3 3 3 3 3 4 6 6 6 6 6 7 7 9 10 10 9 9 9 9 9 9 13 13 21 21 50 53 53 73 
16 16 37 37 37 33 25 25 11 11 8 8 8 8 4 4 3 3 3 3 3 4 6 6 6 6 6 7 7 9 10 10 9 9 9 9 9 9 13 13 21 21 50 53 53 73 
14 14 22 28 28 26 24 24 15 15 12 11 11 10 10 10 11 11 5 4 4 4 4 4 5 5 5 6 6 7 10 10 11 11 11 12 12 14 10 10 22 22 14 15 15 8 
14 14 22 28 28 26 24 24 15 15 12 11 11 10 10 10 11 11 5 4 4 4 4 4 5 5 5 6 6 7 10 10 11 11 11 12 12 14 10 10 22 22 14 15 15 8 
14 14 13 18 18 15 17 17 16 16 20 14 14 10 19 19 27 27 9 7 7 5 5 5 5 5 2 3 3 4 6 6 9 9 9 9 9 12 11 11 10 10 10 9 9 10 
16 16 16 14 14 17 17 17 9 9 7 10 10 12 14 14 13 13 13 9 9 7 8 8 12 12 6 2 2 3 4 4 8 8 11 9 9 9 10 10 11 11 12 11 11 9 
16 16 16 14 14 17 17 17 9 9 7 10 10 12 14 14 13 13 13 9 9 7 8 8 12 12 6 2 2 3 4 4 8 8 11 9 9 9 10 10 11 11 12 11 11 9 
14 14 16 18 18 25 29 29 16 16 7 12 12 8 7 7 10 10 10 11 11 5 7 7 17 17 9 4 4 2 3 3 3 3 5 5 5 5 5 5 8 8 10 10 10 8 
12 12 14 14 14 19 25 25 21 21 14 19 19 11 12 12 11 11 10 9 9 12 15 15 10 10 8 6 6 4 4 4 1 1 1 2 2 2 3 3 4 4 6 6 6 7 
12 12 14 14 14 19 25 25 21 21 14 19 19 11 12 12 11 11 10 9 9 12 15 15 10 10 8 6 6 4 4 4 1 1 1 2 2 2 3 3 4 4 6 6 6 7 
9 9 11 11 11 14 19 19 22 22 14 12 12 15 11 11 12 12 10 8 8 19 3 3 3 3 2 3 3 5 4 4 1 1 1 1 1 1 1 1 2 2 3 3 3 4 
9 9 11 11 11 14 19 19 22 22 14 12 12 15 11 11 12 12 10 8 8 19 3 3 3 3 2 3 3 5 4 4 1 1 1 1 1 1 1 1 2 2 3 3 3 4 
9 9 10 11 11 13 18 18 20 20 17 13 13 17 9 9 8 8 6 3 3 6 9 9 1 1 1 0 0 1 2 2 1 1 1 1 1 1 1 1 1 1 1 1 1 2 
10 10 10 10 10 11 14 14 17 17 17 15 15 7 8 8 6 6 4 5 5 6 7 7 5 5 5 8 8 2 1 1 1 1 1 1 1 2 3 3 2 2 1 1 1 1 
10 10 10 10 10 11 14 14 17 17 17 15 15 7 8 8 6 6 4 5 5 6 7 7 5 5 5 8 8 2 1 1 1 1 1 1 1 2 3 3 2 2 1 1 1 1 
9 9 11 11 11 12 13 13 16 16 15 14 14 10 4 4 3 3 3 4 4 5 4 4 2 2 24 3 3 1 1 1 1 1 1 1 1 2 3 3 2 2 2 1 1 2 
10 10 11 14 14 16 16 16 15 15 15 14 14 11 6 6 5 5 3 3 3 4 3 3 3 3 3 2 2 2 2 2 1 1 1 1 1 1 2 2 1 1 1 1 1 1 
10 10 11 14 14 16 16 16 15 15 15 14 14 11 6 6 5 5 3 3 3 4 3 3 3 3 3 2 2 2 2 2 1 1 1 1 1 1 2 2 1 1 1 1 1 1 
13 13 13 16 16 16 17 17 18 18 19 17 17 11 9 9 4 4 3 3 3 3 4 4 5 5 5 4 4 6 3 3 3 3 2 2 2 1 1 1 1 1 1 1 1 1 
13 13 13 16 16 16 17 17 18 18 19 17 17 11 9 9 4 4 3 3 3 3 4 4 5 5 5 4 4 6 3 3 3 3 2 2 2 1 1 1 1 1 1 1 1 1 
18 18 15 15 15 15 17 17 18 18 20 18 18 18 15 15 5 5 2 1 1 2 3 3 4 4 6 6 6 6 5 5 4 4 3 2 2 2 2 2 2 2 1 1 1 1 
15 15 17 18 18 19 20 20 19 19 17 17 17 20 18 18 8 8 4 2 2 2 1 1 2 2 3 5 5 6 6 6 7 7 5 4 4 3 7 7 6 6 13 6 6 6 
15 15 17 18 18 19 20 20 19 19 17 17 17 20 18 18 8 8 4 2 2 2 1 1 2 2 3 5 5 6 6 6 7 7 5 4 4 3 7 7 6 6 13 6 6 6 
16 16 19 22 22 23 25 25 23 23 18 17 17 18 15 15 10 10 9 5 5 7 3 3 2 2 1 2 2 2 3 3 5 5 6 6 6 5 14 14 26 26 25 39 39 5 
20 20 23 29 29 35 29 29 25 25 23 23 23 29 24 24 14 14 9 9 9 14 17 17 15 15 13 1 1 1 0 0 1 1 4 4 4 4 14 14 27 27 27 40 40 4 
20 20 23 29 29 35 29 29 25 25 23 23 23 29 24 24 14 14 9 9 9 14 17 17 15 15 13 1 1 1 0 0 1 1 4 4 4 4 14 14 27 27 27 40 40 4 
20 20 23 28 28 35 32 32 29 29 28 29 29 30 30 30 23 23 17 28 28 26 38 38 35 35 44 38 38 1 0 0 0 0 1 1 1 3 2 2 3 3 3 3 3 4 
20 20 23 28 28 35 32 32 29 29 28 29 29 30 30 30 23 23 17 28 28 26 38 38 35 35 44 38 38 1 0 0 0 0 1 1 1 3 2 2 3 3 3 3 3 4 
19 19 23 25 25 29 30 30 31 31 35 38 38 42 45 45 42 42 28 32 32 35 47 47 40 40 46 42 42 41 1 1 0 0 0 1 1 1 1 1 2 2 2 1 1 3 
17 17 20 23 23 25 27 27 29 29 32 36 36 41 43 43 44 44 39 40 40 46 53 53 46 46 40 54 54 11 9 9 1 1 2 0 0 0 4 4 0 0 1 0 0 0 
17 17 20 23 23 25 27 27 29 29 32 36 36 41 43 43 44 44 39 40 40 46 53 53 46 46 40 54 54 11 9 9 1 1 2 0 0 0 4 4 0 0 1 0 0 0 
16 16 18 21 21 21 23 23 25 25 27 34 34 46 48 48 48 48 43 33 33 37 33 33 19 19 42 55 55 11 8 8 3 3 0 0 0 0 1 1 0 0 1 1 1 1 
15 15 17 20 20 21 22 22 23 23 29 36 36 43 48 48 46 46 53 46 46 46 37 37 23 23 20 16 16 8 2 2 0 0 4 0 0 1 1 1 0 0 0 1 1 1 
15 15 17 20 20 21 22 22 23 23 29 36 36 43 48 48 46 46 53 46 46 46 37 37 23 23 20 16 16 8 2 2 0 0 4 0 0 1 1 1 0 0 0 1 1 1 
14 14 16 17 17 20 19 19 22 22 28 33 33 38 39 39 47 47 55 41 41 66 67 67 81 81 53 27 27 19 11 11 3 3 5 1 1 1 0 0 1 1 1 0 0 0 
14 14 16 17 17 20 19 19 22 22 28 33 33 38 39 39 47 47 55 41 41 66 67 67 81 81 53 27 27 19 11 11 3 3 5 1 1 1 0 0 1 1 1 0 0 0 
13 13 16 15 15 18 18 18 21 21 22 27 27 34 42 42 54 54 57 64 64 66 71 71 94 94 96 139 139 115 40 40 9 9 3 0 0 0 0 0 1 1 1 1 1 1 
14 14 15 15 15 17 19 19 19 19 18 23 23 28 44 44 47 47 55 66 66 85 151 151 123 123 205 145 145 111 31 31 6 6 3 0 0 0 0 0 0 0 0 1 1 1 
14 14 15 15 15 17 19 19 19 19 18 23 23 28 44 44 47 47 55 66 66 85 151 151 123 123 205 145 145 111 31 31 6 6 3 0 0 0 0 0 0 0 0 1 1 1 
13 13 14 15 15 15 17 17 19 19 19 26 26 28 44 44 47 47 54 66 66 89 110 110 132 132 137 149 149 98 25 25 4 4 3 2 2 1 0 0 0 0 0 0 0 0 
11 11 12 14 14 15 17 17 19 19 19 24 24 26 33 33 42 42 55 56 56 69 79 79 121 121 116 134 134 85 21 21 3 3 1 2 2 2 1 1 1 1 1 0 0 1 
11 11 12 14 14 15 17 17 19 19 19 24 24 26 33 33 42 42 55 56 56 69 79 79 121 121 116 134 134 85 21 21 3 3 1 2 2 2 1 1 1 1 1 0 0 1 
10 10 11 12 12 13 15 15 16 16 16 19 19 19 29 29 36 36 51 51 51 36 33 33 49 49 98 117 117 47 15 15 3 3 1 0 0 0 1 1 1 1 2 2 2 2 
10 10 11 12 12 13 15 15 16 16 16 19 19 19 29 29 36 36 51 51 51 36 33 33 49 49 98 117 117 47 15 15 3 3 1 0 0 0 1 1 1 1 2 2 2 2 
7 7 9 10 10 11 14 14 15 15 15 17 17 20 19 19 24 24 35 40 40 36 31 31 41 41 23 23 23 16 10 10 0 0 0 0 0 0 0 0 1 1 0 0 0 2 
6 6 8 9 9 10 13 13 15 15 17 19 19 21 21 21 25 25 24 23 23 24 20 20 19 19 15 16 16 13 9 9 0 0 0 0 0 0 0 0 0 0 0 0 0 1 
6 6 8 9 9 10 13 13 15 15 17 19 19 21 21 21 25 25 24 23 23 24 20 20 19 19 15 16 16 13 9 9 0 0 0 0 0 0 0 0 0 0 0 0 0 1 
5 5 7 8 8 11 12 12 17 17 19 17 17 22 22 22 22 22 18 20 20 16 10 10 7 7 3 2 2 2 1 1 0 0 0 0 0 0 0 0 0 0 0 0 0 0 
4 4 5 7 7 11 15 15 17 17 19 19 19 20 16 16 16 16 14 17 17 13 11 11 9 9 4 4 4 0 0 0 0 0 0 0 0 0 0 0 0 0 0 0 0 0 
4 4 5 7 7 11 15 15 17 17 19 19 19 20 16 16 16 16 14 17 17 13 11 11 9 9 4 4 4 0 0 0 0 0 0 0 0 0 0 0 0 0 0 0 0 0 
5 5 5 6 6 8 11 11 13 13 20 18 18 27 28 28 14 14 12 13 13 10 12 12 8 8 7 3 3 1 0 0 0 0 0 0 0 0 0 0 0 0 0 0 0 0 
5 5 5 6 6 8 11 11 13 13 20 18 18 27 28 28 14 14 12 13 13 10 12 12 8 8 7 3 3 1 0 0 0 0 0 0 0 0 0 0 0 0 0 0 0 0 
5 5 5 6 6 8 9 9 14 14 18 25 25 26 27 27 27 27 29 34 34 33 10 10 5 5 7 6 6 0 0 0 0 0 0 0 0 0 0 0 0 0 0 0 0 0 
6 6 6 6 6 6 9 9 10 10 9 11 11 11 20 20 32 32 31 52 52 34 9 9 5 5 5 5 5 2 1 1 0 0 0 0 0 0 1 1 0 0 0 0 0 0 
6 6 6 6 6 6 9 9 10 10 9 11 11 11 20 20 32 32 31 52 52 34 9 9 5 5 5 5 5 2 1 1 0 0 0 0 0 0 1 1 0 0 0 0 0 0 
6 6 6 6 6 6 8 8 7 7 8 8 8 11 19 19 31 31 31 52 52 85 85 85 84 84 7 7 7 2 4 4 0 0 0 0 0 0 0 0 0 0 0 0 0 0 
5 5 5 6 6 6 7 7 6 6 7 8 8 9 11 11 10 10 23 23 23 97 86 86 176 176 9 12 12 12 4 4 0 0 0 0 0 0 0 0 0 0 0 0 0 0 
5 5 5 6 6 6 7 7 6 6 7 8 8 9 11 11 10 10 23 23 23 97 86 86 176 176 9 12 12 12 4 4 0 0 0 0 0 0 0 0 0 0 0 0 0 0 
5 5 6 6 6 6 6 6 6 6 6 7 7 9 12 12 10 10 22 22 22 96 165 165 171 171 110 79 79 75 2 2 0 0 0 0 0 0 0 0 0 0 0 0 0 0 
5 5 6 6 6 6 6 6 6 6 6 7 7 9 12 12 10 10 22 22 22 96 165 165 171 171 110 79 79 75 2 2 0 0 0 0 0 0 0 0 0 0 0 0 0 0 
5 5 5 6 6 6 5 5 6 6 5 6 6 12 12 12 10 10 10 10 10 33 66 66 69 69 68 71 71 69 1 1 1 1 0 0 0 0 0 0 0 0 0 0 0 0 
5 5 4 4 4 4 4 4 5 5 5 7 7 11 12 12 11 11 11 10 10 10 67 67 66 66 64 68 68 66 60 60 1 1 1 1 1 0 0 0 1 1 0 0 0 0 
5 5 4 4 4 4 4 4 5 5 5 7 7 11 12 12 11 11 11 10 10 10 67 67 66 66 64 68 68 66 60 60 1 1 1 1 1 0 0 0 1 1 0 0 0 0 
4 4 4 4 4 4 4 4 4 4 4 5 5 8 9 9 9 9 10 10 10 10 9 9 10 10 6 4 4 3 3 3 4 4 1 1 1 0 1 1 0 0 0 0 0 0 
3 3 4 3 3 4 3 3 3 3 3 3 3 4 7 7 8 8 9 9 9 9 9 9 10 10 8 4 4 4 3 3 4 4 3 3 3 2 1 1 1 1 1 2 2 0 
