assets/RAT_results_old/precipitation/2024-08-19_IMERG.asc
ncols        46
nrows        77
xllcorner    74.800261325624
yllcorner    8.058333333333
cellsize     0.062500000000
NODATA_value -9999
17 17 19 24 24 28 29 29 36 36 60 28 28 21 20 20 20 20 20 24 24 23 15 15 33 33 23 11 11 4 0 0 0 0 0 0 0 0 0 0 0 0 0 0 0 0 
15 15 17 17 17 21 23 23 16 16 24 30 30 19 11 11 13 13 11 16 16 15 26 26 30 30 21 7 7 4 1 1 0 0 0 0 0 0 0 0 0 0 0 0 0 0 
15 15 17 17 17 21 23 23 16 16 24 30 30 19 11 11 13 13 11 16 16 15 26 26 30 30 21 7 7 4 1 1 0 0 0 0 0 0 0 0 0 0 0 0 0 0 
8 8 12 9 9 9 12 12 10 10 7 12 12 11 8 8 6 6 5 6 6 8 14 14 21 21 17 10 10 1 0 0 1 1 0 0 0 0 0 0 0 0 0 0 0 1 
2 2 8 11 11 6 7 7 11 11 9 8 8 9 7 7 4 4 8 10 10 4 3 3 6 6 6 5 5 3 1 1 1 1 0 0 0 1 0 0 0 0 0 0 0 2 
2 2 8 11 11 6 7 7 11 11 9 8 8 9 7 7 4 4 8 10 10 4 3 3 6 6 6 5 5 3 1 1 1 1 0 0 0 1 0 0 0 0 0 0 0 2 
5 5 5 14 14 7 3 3 8 8 10 8 8 5 5 5 3 3 1 2 2 0 1 1 1 1 1 1 1 1 1 1 1 1 0 0 0 1 1 1 0 0 0 0 0 0 
5 5 5 14 14 7 3 3 8 8 10 8 8 5 5 5 3 3 1 2 2 0 1 1 1 1 1 1 1 1 1 1 1 1 0 0 0 1 1 1 0 0 0 0 0 0 
6 6 5 11 11 7 4 4 14 14 15 9 9 4 3 3 0 0 0 0 0 0 1 1 2 2 2 1 1 2 2 2 2 2 0 0 0 4 1 1 0 0 0 0 0 0 
12 12 9 21 21 7 8 8 13 13 16 21 21 13 1 1 0 0 1 2 2 2 3 3 4 4 4 2 2 3 6 6 4 4 4 1 1 17 4 4 0 0 0 0 0 0 
12 12 9 21 21 7 8 8 13 13 16 21 21 13 1 1 0 0 1 2 2 2 3 3 4 4 4 2 2 3 6 6 4 4 4 1 1 17 4 4 0 0 0 0 0 0 
8 8 15 16 16 4 5 5 12 12 22 20 20 8 4 4 4 4 4 5 5 6 5 5 4 4 3 3 3 15 40 40 24 24 9 5 5 47 23 23 0 0 0 0 0 0 
6 6 5 3 3 12 6 6 8 8 6 6 6 5 9 9 14 14 12 13 13 14 11 11 13 13 10 13 13 36 38 38 40 40 14 9 9 18 5 5 2 2 0 0 0 0 
6 6 5 3 3 12 6 6 8 8 6 6 6 5 9 9 14 14 12 13 13 14 11 11 13 13 10 13 13 36 38 38 40 40 14 9 9 18 5 5 2 2 0 0 0 0 
4 4 3 8 8 5 13 13 15 15 8 8 8 10 13 13 20 20 21 18 18 18 17 17 22 22 17 16 16 21 29 29 16 16 24 12 12 5 5 5 3 3 1 0 0 1 
4 4 3 8 8 5 13 13 15 15 8 8 8 10 13 13 20 20 21 18 18 18 17 17 22 22 17 16 16 21 29 29 16 16 24 12 12 5 5 5 3 3 1 0 0 1 
2 2 3 6 6 5 11 11 18 18 14 16 16 19 24 24 30 30 31 33 33 29 27 27 25 25 20 21 21 21 16 16 18 18 14 7 7 5 2 2 3 3 3 1 1 1 
2 2 2 9 9 7 6 6 4 4 22 28 28 33 32 32 27 27 26 26 26 21 22 22 17 17 13 13 13 16 17 17 10 10 12 5 5 5 6 6 5 5 5 1 1 1 
2 2 2 9 9 7 6 6 4 4 22 28 28 33 32 32 27 27 26 26 26 21 22 22 17 17 13 13 13 16 17 17 10 10 12 5 5 5 6 6 5 5 5 1 1 1 
4 4 4 5 5 4 3 3 2 2 5 31 31 31 31 31 16 16 12 13 13 12 25 25 26 26 25 18 18 8 6 6 7 7 11 11 11 12 9 9 5 5 5 0 0 1 
6 6 4 4 4 6 5 5 6 6 4 24 24 27 19 19 12 12 14 12 12 12 23 23 28 28 31 21 21 5 8 8 12 12 18 19 19 21 10 10 5 5 4 1 1 1 
6 6 4 4 4 6 5 5 6 6 4 24 24 27 19 19 12 12 14 12 12 12 23 23 28 28 31 21 21 5 8 8 12 12 18 19 19 21 10 10 5 5 4 1 1 1 
5 5 3 2 2 3 6 6 6 6 4 16 16 20 20 20 15 15 14 16 16 16 23 23 22 22 19 21 21 6 12 12 11 11 17 20 20 24 6 6 3 3 2 0 0 0 
5 5 3 2 2 3 6 6 6 6 4 16 16 20 20 20 15 15 14 16 16 16 23 23 22 22 19 21 21 6 12 12 11 11 17 20 20 24 6 6 3 3 2 0 0 0 
4 4 1 1 1 3 3 3 6 6 3 8 8 14 20 20 23 23 19 16 16 15 14 14 14 14 11 9 9 6 14 14 25 25 20 14 14 13 4 4 1 1 0 0 0 0 
3 3 1 3 3 3 4 4 4 4 6 6 6 6 22 22 33 33 23 22 22 24 14 14 14 14 9 8 8 11 14 14 26 26 8 9 9 6 6 6 5 5 1 1 1 1 
3 3 1 3 3 3 4 4 4 4 6 6 6 6 22 22 33 33 23 22 22 24 14 14 14 14 9 8 8 11 14 14 26 26 8 9 9 6 6 6 5 5 1 1 1 1 
6 6 5 4 4 4 4 4 5 5 4 4 4 1 5 5 17 17 16 17 17 24 21 21 9 9 8 7 7 9 9 9 11 11 8 7 7 11 12 12 7 7 3 3 3 3 
8 8 6 3 3 4 4 4 6 6 5 2 2 1 4 4 17 17 12 10 10 5 5 5 9 9 8 2 2 4 5 5 6 6 7 8 8 11 17 17 8 8 6 5 5 4 
8 8 6 3 3 4 4 4 6 6 5 2 2 1 4 4 17 17 12 10 10 5 5 5 9 9 8 2 2 4 5 5 6 6 7 8 8 11 17 17 8 8 6 5 5 4 
8 8 7 4 4 4 4 4 5 5 4 3 3 9 4 4 8 8 9 11 11 6 3 3 2 2 6 2 2 4 5 5 13 13 11 10 10 14 11 11 8 8 7 6 6 4 
8 8 7 4 4 4 4 4 5 5 4 3 3 9 4 4 8 8 9 11 11 6 3 3 2 2 6 2 2 4 5 5 13 13 11 10 10 14 11 11 8 8 7 6 6 4 
11 11 7 6 6 4 4 4 5 5 10 10 10 21 7 7 20 20 22 25 25 21 17 17 5 5 5 6 6 10 10 10 12 12 15 13 13 17 16 16 10 10 17 10 10 9 
12 12 14 9 9 6 7 7 12 12 25 29 29 35 15 15 31 31 37 28 28 30 23 23 11 11 11 14 14 20 16 16 15 15 16 17 17 16 17 17 32 32 26 38 38 29 
12 12 14 9 9 6 7 7 12 12 25 29 29 35 15 15 31 31 37 28 28 30 23 23 11 11 11 14 14 20 16 16 15 15 16 17 17 16 17 17 32 32 26 38 38 29 
27 27 27 20 20 14 14 14 19 19 28 30 30 26 21 21 19 19 33 29 29 30 23 23 16 16 13 18 18 25 27 27 17 17 19 24 24 22 16 16 9 9 21 13 13 30 
28 28 28 21 21 20 13 13 18 18 27 28 28 24 8 8 10 10 22 41 41 37 30 30 32 32 24 26 26 24 22 22 17 17 20 21 21 29 36 36 59 59 19 10 10 16 
28 28 28 21 21 20 13 13 18 18 27 28 28 24 8 8 10 10 22 41 41 37 30 30 32 32 24 26 26 24 22 22 17 17 20 21 21 29 36 36 59 59 19 10 10 16 
21 21 21 18 18 13 12 12 10 10 10 7 7 9 9 9 6 6 20 39 39 35 41 41 41 41 49 31 31 24 19 19 17 17 22 29 29 33 25 25 22 22 18 11 11 13 
21 21 21 18 18 13 12 12 10 10 10 7 7 9 9 9 6 6 20 39 39 35 41 41 41 41 49 31 31 24 19 19 17 17 22 29 29 33 25 25 22 22 18 11 11 13 
16 16 14 13 13 14 12 12 8 8 8 7 7 7 7 7 4 4 3 20 20 28 27 27 33 33 33 41 41 19 16 16 14 14 17 30 30 37 37 37 20 20 20 16 16 18 
16 16 11 11 11 13 13 13 11 11 11 9 9 7 6 6 3 3 4 2 2 15 16 16 13 13 16 19 19 22 17 17 14 14 19 33 33 32 42 42 32 32 26 18 18 22 
16 16 11 11 11 13 13 13 11 11 11 9 9 7 6 6 3 3 4 2 2 15 16 16 13 13 16 19 19 22 17 17 14 14 19 33 33 32 42 42 32 32 26 18 18 22 
15 15 14 15 15 13 17 17 15 15 20 13 13 7 6 6 5 5 5 1 1 10 13 13 14 14 18 19 19 21 25 25 17 17 22 35 35 32 37 37 29 29 26 20 20 46 
28 28 23 17 17 17 16 16 16 16 13 9 9 5 5 5 5 5 4 3 3 4 11 11 11 11 18 16 16 16 19 19 15 15 18 25 25 23 38 38 38 38 36 32 32 36 
28 28 23 17 17 17 16 16 16 16 13 9 9 5 5 5 5 5 4 3 3 4 11 11 11 11 18 16 16 16 19 19 15 15 18 25 25 23 38 38 38 38 36 32 32 36 
28 28 20 32 32 27 17 17 16 16 17 13 13 3 6 6 5 5 2 2 2 2 3 3 10 10 15 17 17 12 10 10 11 11 17 20 20 20 31 31 32 32 22 29 29 29 
28 28 20 32 32 27 17 17 16 16 17 13 13 3 6 6 5 5 2 2 2 2 3 3 10 10 15 17 17 12 10 10 11 11 17 20 20 20 31 31 32 32 22 29 29 29 
17 17 15 33 33 30 27 27 18 18 18 11 11 4 7 7 10 10 5 5 5 1 3 3 7 7 10 12 12 10 8 8 10 10 10 15 15 15 14 14 15 15 19 17 17 29 
18 18 12 18 18 21 17 17 18 18 17 18 18 31 31 31 11 11 7 7 7 1 3 3 7 7 9 8 8 7 9 9 12 12 11 12 12 15 15 15 15 15 24 19 19 23 
18 18 12 18 18 21 17 17 18 18 17 18 18 31 31 31 11 11 7 7 7 1 3 3 7 7 9 8 8 7 9 9 12 12 11 12 12 15 15 15 15 15 24 19 19 23 
12 12 14 15 15 14 14 14 15 15 19 27 27 29 25 25 5 5 3 4 4 2 4 4 7 7 9 9 9 10 13 13 12 12 12 12 12 13 13 13 15 15 10 10 10 12 
15 15 12 11 11 11 14 14 15 15 14 21 21 18 22 22 2 2 1 1 1 1 1 1 8 8 7 6 6 7 8 8 7 7 5 4 4 5 6 6 8 8 7 9 9 11 
15 15 12 11 11 11 14 14 15 15 14 21 21 18 22 22 2 2 1 1 1 1 1 1 8 8 7 6 6 7 8 8 7 7 5 4 4 5 6 6 8 8 7 9 9 11 
18 18 20 15 15 15 17 17 16 16 13 9 9 7 2 2 1 1 1 1 1 1 1 1 6 6 6 4 4 3 3 3 2 2 2 1 1 2 6 6 1 1 4 3 3 4 
18 18 20 15 15 15 17 17 16 16 13 9 9 7 2 2 1 1 1 1 1 1 1 1 6 6 6 4 4 3 3 3 2 2 2 1 1 2 6 6 1 1 4 3 3 4 
15 15 16 13 13 13 15 15 13 13 13 6 6 4 1 1 1 1 1 2 2 2 2 2 5 5 4 3 3 4 7 7 4 4 0 0 0 1 4 4 2 2 2 3 3 3 
14 14 16 12 12 14 16 16 16 16 16 9 9 7 5 5 2 2 2 2 2 3 2 2 3 3 4 2 2 3 4 4 7 7 1 1 1 2 1 1 2 2 1 1 1 2 
14 14 16 12 12 14 16 16 16 16 16 9 9 7 5 5 2 2 2 2 2 3 2 2 3 3 4 2 2 3 4 4 7 7 1 1 1 2 1 1 2 2 1 1 1 2 
7 7 7 7 7 9 16 16 16 16 10 9 9 4 4 4 1 1 1 1 1 3 1 1 2 2 3 2 2 2 1 1 3 3 3 1 1 6 2 2 2 2 3 4 4 2 
6 6 5 7 7 7 7 7 7 7 8 6 6 3 2 2 1 1 0 0 0 1 1 1 1 1 1 2 2 3 3 3 7 7 11 7 7 3 2 2 2 2 1 0 0 0 
6 6 5 7 7 7 7 7 7 7 8 6 6 3 2 2 1 1 0 0 0 1 1 1 1 1 1 2 2 3 3 3 7 7 11 7 7 3 2 2 2 2 1 0 0 0 
9 9 6 5 5 6 6 6 4 4 4 3 3 2 3 3 3 3 2 1 1 2 1 1 0 0 1 6 6 8 7 7 4 4 4 4 4 1 3 3 2 2 2 0 0 0 
9 9 6 5 5 6 6 6 4 4 4 3 3 2 3 3 3 3 2 1 1 2 1 1 0 0 1 6 6 8 7 7 4 4 4 4 4 1 3 3 2 2 2 0 0 0 
9 9 6 4 4 4 3 3 3 3 4 3 3 5 4 4 3 3 2 1 1 2 1 1 1 1 1 2 2 9 7 7 3 3 2 4 4 1 2 2 2 2 1 0 0 0 
8 8 6 6 6 6 3 3 3 3 3 5 5 5 4 4 3 3 4 2 2 1 1 1 1 1 1 1 1 5 4 4 1 1 1 1 1 1 1 1 1 1 1 0 0 0 
8 8 6 6 6 6 3 3 3 3 3 5 5 5 4 4 3 3 4 2 2 1 1 1 1 1 1 1 1 5 4 4 1 1 1 1 1 1 1 1 1 1 1 0 0 0 
13 13 8 7 7 7 4 4 4 4 4 6 6 5 5 5 7 7 6 2 2 2 2 2 2 2 5 2 2 4 4 4 3 3 1 1 1 1 1 1 1 1 0 0 0 0 
14 14 11 9 9 10 10 10 10 10 9 8 8 8 7 7 7 7 5 4 4 3 3 3 3 3 4 1 1 1 3 3 2 2 1 0 0 0 0 0 0 0 0 0 0 0 
14 14 11 9 9 10 10 10 10 10 9 8 8 8 7 7 7 7 5 4 4 3 3 3 3 3 4 1 1 1 3 3 2 2 1 0 0 0 0 0 0 0 0 0 0 0 
9 9 9 8 8 10 10 10 10 10 9 10 10 9 6 6 4 4 3 2 2 2 3 3 3 3 4 1 1 0 0 0 1 1 2 0 0 0 0 0 0 0 0 0 0 0 
9 9 9 8 8 10 10 10 10 10 9 10 10 9 6 6 4 4 3 2 2 2 3 3 3 3 4 1 1 0 0 0 1 1 2 0 0 0 0 0 0 0 0 0 0 0 
11 11 11 11 11 11 13 13 12 12 9 6 6 3 2 2 3 3 2 2 2 3 4 4 3 3 5 4 4 3 0 0 1 1 2 0 0 1 0 0 0 0 1 1 1 0 
12 12 12 13 13 11 12 12 12 12 11 5 5 3 2 2 3 3 3 3 3 3 4 4 5 5 5 5 5 5 2 2 1 1 1 0 0 1 1 1 0 0 0 0 0 0 
12 12 12 13 13 11 12 12 12 12 11 5 5 3 2 2 3 3 3 3 3 3 4 4 5 5 5 5 5 5 2 2 1 1 1 0 0 1 1 1 0 0 0 0 0 0 
11 11 9 12 12 9 11 11 12 12 8 6 6 5 3 3 3 3 3 3 3 3 3 3 3 3 3 4 4 3 4 4 1 1 1 0 0 1 2 2 1 1 0 0 0 0 
7 7 7 9 9 7 9 9 9 9 7 5 5 5 3 3 3 3 3 4 4 3 3 3 4 4 3 4 4 2 3 3 1 1 1 0 0 0 1 1 0 0 0 0 0 0 
