assets/RAT_results_old/precipitation/2024-08-04_IMERG.asc
ncols        46
nrows        77
xllcorner    74.800261325624
yllcorner    8.058333333333
cellsize     0.062500000000
NODATA_value -9999
29 29 22 22 22 23 16 16 10 10 11 8 8 0 0 0 0 0 0 0 0 0 0 0 0 0 0 0 0 0 0 0 0 0 0 0 0 0 0 0 0 0 0 0 0 0 
28 28 19 26 26 16 20 20 17 17 17 4 4 0 0 0 1 1 0 0 0 0 0 0 0 0 0 0 0 0 0 0 0 0 0 0 0 0 0 0 0 0 0 0 0 1 
28 28 19 26 26 16 20 20 17 17 17 4 4 0 0 0 1 1 0 0 0 0 0 0 0 0 0 0 0 0 0 0 0 0 0 0 0 0 0 0 0 0 0 0 0 1 
11 11 15 25 25 19 27 27 18 18 16 4 4 8 0 0 0 0 0 0 0 0 0 0 0 0 0 0 0 0 0 0 0 0 0 0 0 0 0 0 1 1 1 1 1 1 
7 7 17 17 17 28 37 37 19 19 11 7 7 1 0 0 0 0 0 0 0 0 0 0 0 0 0 0 0 0 0 0 0 0 0 0 0 1 1 1 1 1 2 3 3 2 
7 7 17 17 17 28 37 37 19 19 11 7 7 1 0 0 0 0 0 0 0 0 0 0 0 0 0 0 0 0 0 0 0 0 0 0 0 1 1 1 1 1 2 3 3 2 
6 6 8 13 13 23 16 16 25 25 9 3 3 5 3 3 0 0 0 0 0 0 0 0 0 0 0 1 1 0 0 0 0 0 0 1 1 1 1 1 2 2 2 3 3 5 
6 6 8 13 13 23 16 16 25 25 9 3 3 5 3 3 0 0 0 0 0 0 0 0 0 0 0 1 1 0 0 0 0 0 0 1 1 1 1 1 2 2 2 3 3 5 
7 7 5 14 14 23 24 24 26 26 15 4 4 3 0 0 1 1 1 0 0 0 0 0 0 0 0 0 0 0 0 0 0 0 1 1 1 1 1 1 2 2 3 5 5 6 
5 5 5 14 14 13 21 21 15 15 13 10 10 11 2 2 1 1 0 2 2 0 0 0 0 0 0 0 0 0 0 0 0 0 0 1 1 1 1 1 2 2 2 5 5 5 
5 5 5 14 14 13 21 21 15 15 13 10 10 11 2 2 1 1 0 2 2 0 0 0 0 0 0 0 0 0 0 0 0 0 0 1 1 1 1 1 2 2 2 5 5 5 
4 4 6 6 6 6 7 7 7 7 11 12 12 16 2 2 0 0 0 0 0 2 0 0 0 0 0 0 0 0 0 0 0 0 1 1 1 1 2 2 3 3 2 3 3 3 
15 15 10 6 6 5 13 13 9 9 8 9 9 16 7 7 3 3 2 0 0 0 0 0 0 0 0 0 0 0 0 0 0 0 1 1 1 2 2 2 2 2 2 3 3 4 
15 15 10 6 6 5 13 13 9 9 8 9 9 16 7 7 3 3 2 0 0 0 0 0 0 0 0 0 0 0 0 0 0 0 1 1 1 2 2 2 2 2 2 3 3 4 
30 30 3 6 6 8 4 4 11 11 10 4 4 7 6 6 6 6 4 2 2 0 0 0 0 0 0 0 0 0 0 0 0 0 1 1 1 1 1 1 1 1 2 1 1 4 
30 30 3 6 6 8 4 4 11 11 10 4 4 7 6 6 6 6 4 2 2 0 0 0 0 0 0 0 0 0 0 0 0 0 1 1 1 1 1 1 1 1 2 1 1 4 
45 45 17 6 6 6 9 9 7 7 2 2 2 3 3 3 3 3 2 1 1 0 0 0 0 0 0 0 0 0 0 0 0 0 1 1 1 1 1 1 1 1 1 1 1 1 
15 15 20 6 6 6 5 5 16 16 7 2 2 1 2 2 2 2 1 0 0 0 0 0 0 0 0 0 0 0 0 0 0 0 0 1 1 1 1 1 1 1 1 2 2 3 
15 15 20 6 6 6 5 5 16 16 7 2 2 1 2 2 2 2 1 0 0 0 0 0 0 0 0 0 0 0 0 0 0 0 0 1 1 1 1 1 1 1 1 2 2 3 
10 10 6 3 3 6 4 4 4 4 4 3 3 1 2 2 11 11 3 2 2 2 1 1 1 1 3 2 2 1 1 1 1 1 1 2 2 2 2 2 3 3 5 6 6 9 
18 18 13 9 9 20 2 2 4 4 4 21 21 19 16 16 8 8 3 2 2 4 3 3 3 3 3 2 2 4 3 3 2 2 1 2 2 2 2 2 3 3 3 3 3 4 
18 18 13 9 9 20 2 2 4 4 4 21 21 19 16 16 8 8 3 2 2 4 3 3 3 3 3 2 2 4 3 3 2 2 1 2 2 2 2 2 3 3 3 3 3 4 
16 16 20 29 29 39 41 41 14 14 3 1 1 15 16 16 4 4 5 4 4 7 7 7 6 6 5 7 7 9 14 14 9 9 5 3 3 3 2 2 3 3 3 4 4 4 
16 16 20 29 29 39 41 41 14 14 3 1 1 15 16 16 4 4 5 4 4 7 7 7 6 6 5 7 7 9 14 14 9 9 5 3 3 3 2 2 3 3 3 4 4 4 
17 17 26 50 50 39 37 37 8 8 4 3 3 9 19 19 6 6 3 3 3 3 3 3 3 3 6 16 16 25 29 29 22 22 11 6 6 5 4 4 4 4 3 3 3 3 
27 27 33 45 45 50 15 15 13 13 7 4 4 3 18 18 17 17 6 2 2 1 2 2 3 3 8 22 22 37 50 50 18 18 9 6 6 5 5 5 5 5 4 3 3 4 
27 27 33 45 45 50 15 15 13 13 7 4 4 3 18 18 17 17 6 2 2 1 2 2 3 3 8 22 22 37 50 50 18 18 9 6 6 5 5 5 5 5 4 3 3 4 
33 33 39 76 76 46 20 20 7 7 9 2 2 7 1 1 6 6 8 3 3 2 2 2 3 3 6 14 14 16 7 7 4 4 4 5 5 5 5 5 5 5 4 4 4 4 
26 26 36 66 66 37 18 18 16 16 15 6 6 7 1 1 4 4 5 5 5 5 3 3 5 5 7 6 6 4 2 2 3 3 3 4 4 4 4 4 5 5 4 3 3 4 
26 26 36 66 66 37 18 18 16 16 15 6 6 7 1 1 4 4 5 5 5 5 3 3 5 5 7 6 6 4 2 2 3 3 3 4 4 4 4 4 5 5 4 3 3 4 
13 13 24 34 34 8 13 13 23 23 14 1 1 4 5 5 6 6 4 3 3 2 1 1 2 2 3 3 3 3 3 3 2 2 3 2 2 2 3 3 3 3 3 2 2 2 
13 13 24 34 34 8 13 13 23 23 14 1 1 4 5 5 6 6 4 3 3 2 1 1 2 2 3 3 3 3 3 3 2 2 3 2 2 2 3 3 3 3 3 2 2 2 
13 13 19 19 19 16 16 16 13 13 9 5 5 2 3 3 15 15 21 5 5 2 1 1 1 1 2 2 2 2 2 2 2 2 2 2 2 2 2 2 2 2 2 1 1 1 
18 18 16 25 25 16 4 4 14 14 9 2 2 1 2 2 8 8 11 5 5 4 1 1 1 1 2 1 1 1 1 1 2 2 2 2 2 2 3 3 3 3 1 1 1 1 
18 18 16 25 25 16 4 4 14 14 9 2 2 1 2 2 8 8 11 5 5 4 1 1 1 1 2 1 1 1 1 1 2 2 2 2 2 2 3 3 3 3 1 1 1 1 
15 15 30 27 27 16 25 25 6 6 8 1 1 3 2 2 2 2 2 7 7 2 4 4 4 4 2 2 2 2 2 2 2 2 3 4 4 4 4 4 3 3 1 1 1 1 
11 11 18 16 16 9 15 15 8 8 8 6 6 10 3 3 2 2 2 2 2 3 8 8 11 11 13 12 12 11 10 10 6 6 5 5 5 5 4 4 4 4 1 1 1 1 
11 11 18 16 16 9 15 15 8 8 8 6 6 10 3 3 2 2 2 2 2 3 8 8 11 11 13 12 12 11 10 10 6 6 5 5 5 5 4 4 4 4 1 1 1 1 
5 5 5 9 9 6 6 6 5 5 9 8 8 15 3 3 5 5 8 4 4 1 4 4 7 7 11 11 11 11 9 9 5 5 2 1 1 2 2 2 3 3 2 1 1 1 
5 5 5 9 9 6 6 6 5 5 9 8 8 15 3 3 5 5 8 4 4 1 4 4 7 7 11 11 11 11 9 9 5 5 2 1 1 2 2 2 3 3 2 1 1 1 
5 5 2 8 8 9 4 4 9 9 12 12 12 21 26 26 9 9 11 12 12 10 7 7 10 10 10 8 8 6 7 7 5 5 5 6 6 2 2 2 13 13 11 4 4 1 
1 1 1 1 1 2 2 2 3 3 13 14 14 21 22 22 13 13 9 12 12 16 20 20 18 18 13 7 7 5 8 8 7 7 11 14 14 18 6 6 12 12 14 4 4 1 
1 1 1 1 1 2 2 2 3 3 13 14 14 21 22 22 13 13 9 12 12 16 20 20 18 18 13 7 7 5 8 8 7 7 11 14 14 18 6 6 12 12 14 4 4 1 
1 1 1 1 1 1 1 1 2 2 4 5 5 13 14 14 10 10 7 3 3 14 10 10 14 14 8 11 11 8 11 11 13 13 16 19 19 18 4 4 4 4 2 1 1 0 
1 1 1 1 1 3 4 4 4 4 2 4 4 5 9 9 4 4 2 1 1 2 5 5 8 8 11 13 13 13 10 10 6 6 3 4 4 2 4 4 3 3 2 1 1 1 
1 1 1 1 1 3 4 4 4 4 2 4 4 5 9 9 4 4 2 1 1 2 5 5 8 8 11 13 13 13 10 10 6 6 3 4 4 2 4 4 3 3 2 1 1 1 
1 1 1 1 1 3 6 6 4 4 2 1 1 2 4 4 1 1 1 1 1 1 1 1 10 10 10 5 5 2 9 9 4 4 4 3 3 3 2 2 1 1 0 0 0 1 
1 1 1 1 1 3 6 6 4 4 2 1 1 2 4 4 1 1 1 1 1 1 1 1 10 10 10 5 5 2 9 9 4 4 4 3 3 3 2 2 1 1 0 0 0 1 
2 2 1 2 2 1 4 4 5 5 3 3 3 1 1 1 2 2 5 4 4 1 3 3 18 18 20 4 4 2 8 8 3 3 2 2 2 1 1 1 1 1 1 1 1 1 
7 7 4 3 3 4 3 3 5 5 3 4 4 4 3 3 2 2 4 7 7 3 5 5 14 14 14 6 6 3 1 1 3 3 0 0 0 1 1 1 1 1 1 1 1 1 
7 7 4 3 3 4 3 3 5 5 3 4 4 4 3 3 2 2 4 7 7 3 5 5 14 14 14 6 6 3 1 1 3 3 0 0 0 1 1 1 1 1 1 1 1 1 
8 8 6 7 7 6 6 6 5 5 2 5 5 8 5 5 4 4 4 5 5 5 5 5 14 14 7 6 6 4 1 1 1 1 0 0 0 1 0 0 1 1 0 0 0 4 
8 8 5 8 8 7 4 4 3 3 2 3 3 5 6 6 8 8 8 8 8 3 4 4 8 8 7 6 6 4 2 2 2 2 2 3 3 2 1 1 1 1 0 0 0 0 
8 8 5 8 8 7 4 4 3 3 2 3 3 5 6 6 8 8 8 8 8 3 4 4 8 8 7 6 6 4 2 2 2 2 2 3 3 2 1 1 1 1 0 0 0 0 
5 5 2 2 2 4 2 2 3 3 1 1 1 3 7 7 9 9 8 2 2 1 1 1 6 6 5 3 3 5 4 4 3 3 3 3 3 2 2 2 1 1 1 0 0 0 
5 5 2 2 2 4 2 2 3 3 1 1 1 3 7 7 9 9 8 2 2 1 1 1 6 6 5 3 3 5 4 4 3 3 3 3 3 2 2 2 1 1 1 0 0 0 
1 1 2 1 1 1 1 1 1 1 1 1 1 1 2 2 3 3 4 2 2 1 1 1 7 7 10 7 7 6 10 10 8 8 4 2 2 2 1 1 0 0 0 0 0 0 
3 3 1 1 1 0 0 0 0 0 0 0 0 0 0 0 1 1 2 1 1 1 1 1 6 6 9 10 10 12 10 10 5 5 6 2 2 2 1 1 0 0 0 0 0 0 
3 3 1 1 1 0 0 0 0 0 0 0 0 0 0 0 1 1 2 1 1 1 1 1 6 6 9 10 10 12 10 10 5 5 6 2 2 2 1 1 0 0 0 0 0 0 
11 11 2 1 1 1 1 1 0 0 0 0 0 0 0 0 1 1 1 1 1 2 2 2 2 2 8 11 11 13 12 12 4 4 1 2 2 2 0 0 0 0 0 0 0 0 
12 12 3 4 4 2 3 3 0 0 0 0 0 0 0 0 0 0 0 1 1 1 1 1 1 1 1 5 5 5 3 3 2 2 4 0 0 0 0 0 0 0 0 0 0 1 
12 12 3 4 4 2 3 3 0 0 0 0 0 0 0 0 0 0 0 1 1 1 1 1 1 1 1 5 5 5 3 3 2 2 4 0 0 0 0 0 0 0 0 0 0 1 
3 3 4 16 16 6 2 2 0 0 0 0 0 0 0 0 0 0 0 0 0 0 0 0 0 0 0 5 5 3 0 0 2 2 0 0 0 0 0 0 0 0 0 0 0 0 
3 3 4 16 16 6 2 2 0 0 0 0 0 0 0 0 0 0 0 0 0 0 0 0 0 0 0 5 5 3 0 0 2 2 0 0 0 0 0 0 0 0 0 0 0 0 
2 2 4 19 19 10 2 2 1 1 0 0 0 0 0 0 0 0 0 0 0 0 0 0 0 0 0 2 2 2 0 0 0 0 0 0 0 0 0 0 0 0 0 0 0 0 
2 2 5 2 2 4 0 0 0 0 0 0 0 0 0 0 0 0 0 0 0 0 0 0 0 0 0 0 0 0 0 0 0 0 0 0 0 0 0 0 0 0 0 0 0 0 
2 2 5 2 2 4 0 0 0 0 0 0 0 0 0 0 0 0 0 0 0 0 0 0 0 0 0 0 0 0 0 0 0 0 0 0 0 0 0 0 0 0 0 0 0 0 
1 1 1 1 1 1 0 0 0 0 0 0 0 0 0 0 0 0 0 0 0 1 1 1 0 0 0 0 0 0 0 0 0 0 0 0 0 0 0 0 0 0 0 0 0 0 
1 1 1 1 1 5 1 1 1 1 0 0 0 0 0 0 1 1 0 0 0 0 1 1 0 0 0 0 0 0 0 0 0 0 0 0 0 0 1 1 0 0 0 0 0 0 
1 1 1 1 1 5 1 1 1 1 0 0 0 0 0 0 1 1 0 0 0 0 1 1 0 0 0 0 0 0 0 0 0 0 0 0 0 0 1 1 0 0 0 0 0 0 
1 1 2 2 2 5 1 1 0 0 0 0 0 0 0 0 0 0 0 0 0 0 0 0 0 0 0 0 0 0 0 0 0 0 0 1 1 1 0 0 0 0 0 0 0 0 
1 1 2 2 2 5 1 1 0 0 0 0 0 0 0 0 0 0 0 0 0 0 0 0 0 0 0 0 0 0 0 0 0 0 0 1 1 1 0 0 0 0 0 0 0 0 
2 2 2 1 1 1 0 0 0 0 0 0 0 0 0 0 0 0 0 1 1 1 1 1 0 0 0 0 0 0 0 0 0 0 1 2 2 3 4 4 5 5 2 2 2 2 
3 3 3 1 1 1 0 0 0 0 1 1 1 0 0 0 0 0 0 1 1 1 0 0 1 1 0 1 1 1 1 1 0 0 1 1 1 3 3 3 1 1 2 2 2 5 
3 3 3 1 1 1 0 0 0 0 1 1 1 0 0 0 0 0 0 1 1 1 0 0 1 1 0 1 1 1 1 1 0 0 1 1 1 3 3 3 1 1 2 2 2 5 
4 4 3 1 1 1 0 0 0 0 0 1 1 0 0 0 0 0 0 0 0 1 1 1 1 1 0 1 1 1 1 1 0 0 1 1 1 1 2 2 1 1 0 0 0 0 
3 3 2 1 1 1 0 0 0 0 0 0 0 0 0 0 0 0 0 0 0 0 0 0 0 0 0 1 1 1 0 0 0 0 0 0 0 1 0 0 0 0 0 0 0 0 
