assets/RAT_results_old/precipitation/2024-06-16_IMERG.asc
ncols        46
nrows        77
xllcorner    74.800261325624
yllcorner    8.058333333333
cellsize     0.062500000000
NODATA_value -9999
10 10 16 19 19 17 20 20 21 21 22 18 18 13 9 9 6 6 4 3 3 1 0 0 0 0 0 0 0 0 0 0 0 0 0 0 0 0 1 1 1 1 1 1 1 1 
5 5 7 7 7 6 6 6 7 7 11 12 12 8 7 7 7 7 5 3 3 1 1 1 0 0 1 1 1 0 0 0 0 0 1 1 1 2 2 2 3 3 4 5 5 5 
5 5 7 7 7 6 6 6 7 7 11 12 12 8 7 7 7 7 5 3 3 1 1 1 0 0 1 1 1 0 0 0 0 0 1 1 1 2 2 2 3 3 4 5 5 5 
5 5 5 8 8 8 9 9 10 10 14 13 13 8 8 8 9 9 5 10 10 9 4 4 1 1 0 0 0 0 0 0 1 1 2 4 4 6 10 10 12 12 14 15 15 16 
14 14 17 19 19 13 14 14 13 13 13 18 18 6 5 5 9 9 10 13 13 11 6 6 3 3 0 0 0 0 1 1 1 1 3 8 8 11 13 13 19 19 18 18 18 18 
14 14 17 19 19 13 14 14 13 13 13 18 18 6 5 5 9 9 10 13 13 11 6 6 3 3 0 0 0 0 1 1 1 1 3 8 8 11 13 13 19 19 18 18 18 18 
15 15 19 16 16 12 18 18 13 13 5 4 4 2 1 1 2 2 3 5 5 5 4 4 2 2 0 0 0 0 0 0 1 1 1 1 1 3 4 4 9 9 15 15 15 14 
15 15 19 16 16 12 18 18 13 13 5 4 4 2 1 1 2 2 3 5 5 5 4 4 2 2 0 0 0 0 0 0 1 1 1 1 1 3 4 4 9 9 15 15 15 14 
17 17 18 16 16 12 16 16 12 12 5 3 3 1 1 1 1 1 1 0 0 0 0 0 0 0 0 0 0 0 0 0 0 0 0 0 0 0 1 1 2 2 4 6 6 7 
10 10 11 14 14 6 6 6 5 5 3 3 3 1 0 0 0 0 0 0 0 0 0 0 0 0 0 0 0 0 0 0 0 0 0 0 0 0 0 0 0 0 1 1 1 2 
10 10 11 14 14 6 6 6 5 5 3 3 3 1 0 0 0 0 0 0 0 0 0 0 0 0 0 0 0 0 0 0 0 0 0 0 0 0 0 0 0 0 1 1 1 2 
29 29 13 17 17 3 2 2 2 2 2 1 1 1 0 0 0 0 0 0 0 0 0 0 0 0 0 0 0 0 0 0 0 0 0 0 0 0 0 0 0 0 1 0 0 0 
27 27 13 4 4 3 2 2 2 2 6 8 8 5 2 2 0 0 0 0 0 0 0 0 0 0 0 0 0 0 0 0 0 0 0 0 0 0 0 0 0 0 1 1 1 0 
27 27 13 4 4 3 2 2 2 2 6 8 8 5 2 2 0 0 0 0 0 0 0 0 0 0 0 0 0 0 0 0 0 0 0 0 0 0 0 0 0 0 1 1 1 0 
32 32 19 13 13 11 11 11 9 9 8 6 6 12 5 5 2 2 1 1 1 0 0 0 0 0 0 0 0 0 0 0 2 2 3 3 3 2 2 2 2 2 3 2 2 2 
32 32 19 13 13 11 11 11 9 9 8 6 6 12 5 5 2 2 1 1 1 0 0 0 0 0 0 0 0 0 0 0 2 2 3 3 3 2 2 2 2 2 3 2 2 2 
34 34 25 27 27 14 11 11 9 9 7 9 9 5 3 3 3 3 2 1 1 1 0 0 0 0 0 0 0 0 1 1 3 3 5 6 6 5 3 3 6 6 6 5 5 5 
23 23 25 20 20 10 5 5 5 5 3 16 16 8 4 4 3 3 1 0 0 0 0 0 0 0 0 0 0 1 2 2 4 4 5 4 4 5 4 4 4 4 4 3 3 2 
23 23 25 20 20 10 5 5 5 5 3 16 16 8 4 4 3 3 1 0 0 0 0 0 0 0 0 0 0 1 2 2 4 4 5 4 4 5 4 4 4 4 4 3 3 2 
24 24 23 19 19 12 11 11 5 5 3 3 3 3 5 5 4 4 2 1 1 0 0 0 0 0 0 0 0 1 2 2 4 4 4 3 3 2 2 2 2 2 1 0 0 0 
11 11 11 8 8 7 8 8 4 4 2 5 5 7 38 38 13 13 11 6 6 2 1 1 0 0 0 0 0 0 1 1 1 1 3 2 2 0 0 0 0 0 0 0 0 0 
11 11 11 8 8 7 8 8 4 4 2 5 5 7 38 38 13 13 11 6 6 2 1 1 0 0 0 0 0 0 1 1 1 1 3 2 2 0 0 0 0 0 0 0 0 0 
9 9 8 9 9 8 8 8 7 7 7 5 5 11 34 34 10 10 12 12 12 5 3 3 2 2 3 3 3 2 0 0 0 0 1 1 1 1 1 1 1 1 2 1 1 0 
9 9 8 9 9 8 8 8 7 7 7 5 5 11 34 34 10 10 12 12 12 5 3 3 2 2 3 3 3 2 0 0 0 0 1 1 1 1 1 1 1 1 2 1 1 0 
11 11 10 11 11 8 7 7 7 7 11 6 6 9 8 8 8 8 9 9 9 6 5 5 3 3 3 7 7 2 2 2 0 0 0 0 0 1 0 0 1 1 2 1 1 0 
9 9 9 9 9 6 3 3 3 3 3 3 3 4 4 4 3 3 4 4 4 2 2 2 2 2 2 7 7 1 0 0 0 0 0 0 0 0 0 0 0 0 0 1 1 0 
9 9 9 9 9 6 3 3 3 3 3 3 3 4 4 4 3 3 4 4 4 2 2 2 2 2 2 7 7 1 0 0 0 0 0 0 0 0 0 0 0 0 0 1 1 0 
7 7 8 6 6 4 1 1 1 1 1 0 0 1 1 1 1 1 1 1 1 3 2 2 2 2 2 0 0 0 0 0 0 0 0 0 0 0 0 0 0 0 0 0 0 0 
12 12 9 5 5 2 2 2 2 2 1 1 1 1 1 1 4 4 2 3 3 2 3 3 2 2 2 0 0 0 0 0 0 0 0 0 0 0 0 0 0 0 0 0 0 0 
12 12 9 5 5 2 2 2 2 2 1 1 1 1 1 1 4 4 2 3 3 2 3 3 2 2 2 0 0 0 0 0 0 0 0 0 0 0 0 0 0 0 0 0 0 0 
4 4 7 3 3 2 2 2 2 2 3 1 1 1 1 1 0 0 1 3 3 3 3 3 3 3 3 4 4 3 1 1 0 0 0 0 0 0 0 0 0 0 0 0 0 0 
4 4 7 3 3 2 2 2 2 2 3 1 1 1 1 1 0 0 1 3 3 3 3 3 3 3 3 4 4 3 1 1 0 0 0 0 0 0 0 0 0 0 0 0 0 0 
3 3 4 5 5 8 11 11 3 3 2 2 2 2 1 1 1 1 1 1 1 3 2 2 2 2 1 1 1 0 0 0 0 0 0 0 0 0 0 0 0 0 0 0 0 0 
9 9 19 19 19 19 6 6 4 4 2 1 1 1 1 1 1 1 0 1 1 1 0 0 0 0 0 0 0 0 0 0 0 0 0 0 0 0 0 0 0 0 0 0 0 0 
9 9 19 19 19 19 6 6 4 4 2 1 1 1 1 1 1 1 0 1 1 1 0 0 0 0 0 0 0 0 0 0 0 0 0 0 0 0 0 0 0 0 0 0 0 0 
10 10 20 22 22 24 9 9 5 5 2 1 1 1 0 0 0 0 1 1 1 1 1 1 0 0 0 1 1 1 1 1 0 0 0 1 1 0 0 0 0 0 1 0 0 0 
1 1 3 3 3 1 1 1 1 1 1 2 2 5 4 4 1 1 1 0 0 1 1 1 0 0 0 0 0 0 2 2 2 2 1 1 1 0 0 0 1 1 1 0 0 0 
1 1 3 3 3 1 1 1 1 1 1 2 2 5 4 4 1 1 1 0 0 1 1 1 0 0 0 0 0 0 2 2 2 2 1 1 1 0 0 0 1 1 1 0 0 0 
0 0 1 1 1 0 1 1 1 1 1 7 7 19 15 15 2 2 1 1 1 1 0 0 1 1 1 0 0 1 2 2 1 1 1 1 1 0 0 0 1 1 0 0 0 0 
0 0 1 1 1 0 1 1 1 1 1 7 7 19 15 15 2 2 1 1 1 1 0 0 1 1 1 0 0 1 2 2 1 1 1 1 1 0 0 0 1 1 0 0 0 0 
0 0 0 0 0 0 0 0 1 1 1 5 5 8 3 3 0 0 0 0 0 1 1 1 1 1 1 1 1 1 1 1 1 1 1 2 2 0 0 0 0 0 0 2 2 1 
1 1 0 0 0 1 4 4 8 8 6 6 6 3 1 1 1 1 0 0 0 1 1 1 1 1 0 0 0 0 1 1 1 1 1 2 2 0 1 1 1 1 2 2 2 1 
1 1 0 0 0 1 4 4 8 8 6 6 6 3 1 1 1 1 0 0 0 1 1 1 1 1 0 0 0 0 1 1 1 1 1 2 2 0 1 1 1 1 2 2 2 1 
0 0 1 1 1 1 1 1 4 4 16 8 8 2 1 1 1 1 1 1 1 3 1 1 1 1 1 2 2 3 2 2 2 2 2 1 1 1 1 1 1 1 1 1 1 1 
0 0 0 1 1 1 1 1 3 3 10 13 13 2 0 0 1 1 1 3 3 8 2 2 2 2 4 5 5 5 4 4 2 2 1 0 0 2 0 0 0 0 0 0 0 0 
0 0 0 1 1 1 1 1 3 3 10 13 13 2 0 0 1 1 1 3 3 8 2 2 2 2 4 5 5 5 4 4 2 2 1 0 0 2 0 0 0 0 0 0 0 0 
0 0 0 0 0 1 1 1 1 1 6 12 12 7 2 2 1 1 1 2 2 6 7 7 6 6 5 5 5 3 1 1 0 0 0 0 0 0 0 0 0 0 0 1 1 1 
0 0 0 0 0 1 1 1 1 1 6 12 12 7 2 2 1 1 1 2 2 6 7 7 6 6 5 5 5 3 1 1 0 0 0 0 0 0 0 0 0 0 0 1 1 1 
0 0 0 0 0 0 1 1 2 2 6 7 7 6 4 4 1 1 2 2 2 3 6 6 13 13 3 1 1 1 0 0 0 0 1 0 0 0 1 1 1 1 1 1 1 0 
1 1 0 1 1 3 6 6 9 9 4 3 3 2 6 6 7 7 6 4 4 6 8 8 14 14 12 3 3 2 3 3 3 3 3 2 2 2 1 1 1 1 0 0 0 0 
1 1 0 1 1 3 6 6 9 9 4 3 3 2 6 6 7 7 6 4 4 6 8 8 14 14 12 3 3 2 3 3 3 3 3 2 2 2 1 1 1 1 0 0 0 0 
1 1 1 2 2 5 10 10 10 10 4 2 2 3 5 5 7 7 9 8 8 5 8 8 14 14 6 3 3 2 3 3 4 4 3 3 3 3 1 1 1 1 0 0 0 0 
2 2 2 3 3 4 5 5 3 3 4 2 2 2 4 4 6 6 6 5 5 3 6 6 11 11 11 4 4 4 3 3 4 4 4 3 3 2 1 1 0 0 0 0 0 0 
2 2 2 3 3 4 5 5 3 3 4 2 2 2 4 4 6 6 6 5 5 3 6 6 11 11 11 4 4 4 3 3 4 4 4 3 3 2 1 1 0 0 0 0 0 0 
4 4 4 3 3 5 6 6 3 3 2 2 2 2 3 3 4 4 2 3 3 4 8 8 12 12 7 7 7 7 5 5 4 4 3 1 1 1 1 1 0 0 0 1 1 1 
4 4 4 3 3 5 6 6 3 3 2 2 2 2 3 3 4 4 2 3 3 4 8 8 12 12 7 7 7 7 5 5 4 4 3 1 1 1 1 1 0 0 0 1 1 1 
2 2 2 2 2 4 4 4 3 3 2 2 2 2 3 3 4 4 1 1 1 4 5 5 8 8 6 5 5 5 4 4 2 2 1 1 1 0 1 1 1 1 0 1 1 1 
1 1 2 2 2 2 2 2 2 2 1 1 1 3 3 3 5 5 1 3 3 3 4 4 7 7 5 6 6 5 4 4 4 4 2 2 2 1 2 2 1 1 0 0 0 0 
1 1 2 2 2 2 2 2 2 2 1 1 1 3 3 3 5 5 1 3 3 3 4 4 7 7 5 6 6 5 4 4 4 4 2 2 2 1 2 2 1 1 0 0 0 0 
1 1 2 2 2 1 1 1 1 1 1 1 1 2 2 2 3 3 3 4 4 4 4 4 4 4 5 7 7 6 3 3 5 5 5 4 4 2 2 2 1 1 0 0 0 0 
1 1 2 2 2 2 2 2 3 3 4 5 5 5 7 7 6 6 7 6 6 6 7 7 4 4 3 3 3 2 2 2 2 2 3 3 3 1 0 0 0 0 0 0 0 0 
1 1 2 2 2 2 2 2 3 3 4 5 5 5 7 7 6 6 7 6 6 6 7 7 4 4 3 3 3 2 2 2 2 2 3 3 3 1 0 0 0 0 0 0 0 0 
0 0 0 1 1 2 3 3 6 6 5 6 6 10 14 14 15 15 11 9 9 10 6 6 3 3 1 1 1 1 1 1 1 1 0 0 0 0 0 0 0 0 0 0 0 0 
0 0 0 1 1 2 3 3 6 6 5 6 6 10 14 14 15 15 11 9 9 10 6 6 3 3 1 1 1 1 1 1 1 1 0 0 0 0 0 0 0 0 0 0 0 0 
0 0 1 1 1 1 2 2 3 3 4 5 5 6 8 8 7 7 4 4 4 5 4 4 2 2 2 0 0 0 0 0 0 0 0 0 0 0 0 0 1 1 0 0 0 0 
1 1 1 1 1 2 3 3 3 3 4 3 3 2 2 2 1 1 2 1 1 2 3 3 2 2 2 1 1 0 0 0 0 0 0 0 0 0 0 0 0 0 0 0 0 0 
1 1 1 1 1 2 3 3 3 3 4 3 3 2 2 2 1 1 2 1 1 2 3 3 2 2 2 1 1 0 0 0 0 0 0 0 0 0 0 0 0 0 0 0 0 0 
3 3 3 2 2 2 3 3 2 2 2 1 1 1 1 1 0 0 0 1 1 1 1 1 2 2 1 1 1 0 0 0 0 0 0 0 0 1 0 0 0 0 0 0 0 0 
3 3 4 2 2 1 1 1 1 1 1 1 1 2 3 3 1 1 0 0 0 1 1 1 1 1 0 0 0 0 0 0 0 0 0 1 1 1 0 0 0 0 0 0 0 0 
3 3 4 2 2 1 1 1 1 1 1 1 1 2 3 3 1 1 0 0 0 1 1 1 1 1 0 0 0 0 0 0 0 0 0 1 1 1 0 0 0 0 0 0 0 0 
2 2 2 1 1 1 1 1 1 1 1 1 1 1 3 3 1 1 1 1 1 2 6 6 4 4 1 0 0 0 0 0 0 0 0 0 0 0 0 0 0 0 0 0 0 0 
2 2 2 1 1 1 1 1 1 1 1 1 1 1 3 3 1 1 1 1 1 2 6 6 4 4 1 0 0 0 0 0 0 0 0 0 0 0 0 0 0 0 0 0 0 0 
0 0 1 0 0 0 0 0 0 0 1 1 1 1 2 2 1 1 1 2 2 3 7 7 8 8 3 2 2 1 0 0 0 0 0 0 0 0 0 0 0 0 0 0 0 0 
0 0 0 0 0 0 0 0 0 0 1 0 0 1 1 1 1 1 1 2 2 3 5 5 9 9 5 4 4 6 0 0 0 0 0 0 0 0 0 0 1 1 0 0 0 0 
0 0 0 0 0 0 0 0 0 0 1 0 0 1 1 1 1 1 1 2 2 3 5 5 9 9 5 4 4 6 0 0 0 0 0 0 0 0 0 0 1 1 0 0 0 0 
1 1 1 0 0 0 0 0 0 0 0 0 0 0 0 0 1 1 1 1 1 2 2 2 2 2 2 3 3 6 1 1 0 0 0 0 0 0 0 0 0 0 1 1 1 2 
0 0 2 1 1 0 0 0 0 0 0 0 0 0 0 0 0 0 1 1 1 1 1 1 1 1 1 1 1 1 0 0 0 0 0 0 0 1 0 0 1 1 3 2 2 2 
