assets/RAT_results_old/precipitation/2024-06-10_IMERG.asc
ncols        46
nrows        77
xllcorner    74.800261325624
yllcorner    8.058333333333
cellsize     0.062500000000
NODATA_value -9999
53 53 47 43 43 42 37 37 39 39 36 35 35 33 29 29 19 19 14 11 11 9 9 9 5 5 1 1 1 1 0 0 0 0 0 0 0 0 0 0 0 0 0 0 0 2 
66 66 53 55 55 51 50 50 41 41 41 42 42 43 40 40 24 24 14 10 10 6 5 5 4 4 1 1 1 0 0 0 0 0 0 0 0 0 0 0 0 0 0 0 0 1 
66 66 53 55 55 51 50 50 41 41 41 42 42 43 40 40 24 24 14 10 10 6 5 5 4 4 1 1 1 0 0 0 0 0 0 0 0 0 0 0 0 0 0 0 0 1 
61 61 53 60 60 69 58 58 49 49 44 44 44 38 29 29 20 20 13 10 10 6 5 5 4 4 3 3 3 1 0 0 0 0 0 0 0 0 0 0 1 1 0 0 0 0 
53 53 64 75 75 83 64 64 51 51 43 47 47 44 31 31 17 17 13 11 11 7 5 5 5 5 5 4 4 1 0 0 0 0 0 0 0 0 1 1 0 0 4 3 3 2 
53 53 64 75 75 83 64 64 51 51 43 47 47 44 31 31 17 17 13 11 11 7 5 5 5 5 5 4 4 1 0 0 0 0 0 0 0 0 1 1 0 0 4 3 3 2 
34 34 49 65 65 82 75 75 63 63 44 44 44 46 34 34 18 18 12 6 6 2 2 2 3 3 3 2 2 0 0 0 0 0 0 0 0 1 0 0 2 2 1 4 4 3 
34 34 49 65 65 82 75 75 63 63 44 44 44 46 34 34 18 18 12 6 6 2 2 2 3 3 3 2 2 0 0 0 0 0 0 0 0 1 0 0 2 2 1 4 4 3 
26 26 43 51 51 65 66 66 56 56 42 35 35 34 21 21 10 10 7 3 3 2 2 2 2 2 2 1 1 0 0 0 0 0 0 1 1 0 1 1 0 0 3 1 1 2 
30 30 27 44 44 46 42 42 54 54 50 38 38 29 17 17 8 8 7 3 3 2 1 1 1 1 1 1 1 2 1 1 0 0 1 0 0 1 0 0 1 1 1 3 3 2 
30 30 27 44 44 46 42 42 54 54 50 38 38 29 17 17 8 8 7 3 3 2 1 1 1 1 1 1 1 2 1 1 0 0 1 0 0 1 0 0 1 1 1 3 3 2 
22 22 22 35 35 32 38 38 43 43 48 41 41 26 15 15 9 9 7 3 3 1 5 5 4 4 1 0 0 1 2 2 0 0 0 1 1 2 4 4 1 1 1 1 1 3 
24 24 19 17 17 23 31 31 43 43 43 42 42 28 15 15 10 10 6 5 5 5 11 11 8 8 2 0 0 0 2 2 2 2 0 1 1 4 4 4 3 3 1 3 3 1 
24 24 19 17 17 23 31 31 43 43 43 42 42 28 15 15 10 10 6 5 5 5 11 11 8 8 2 0 0 0 2 2 2 2 0 1 1 4 4 4 3 3 1 3 3 1 
20 20 23 18 18 18 29 29 34 34 34 35 35 35 29 29 15 15 13 10 10 13 13 13 10 10 6 0 0 0 0 0 1 1 2 2 2 2 6 6 5 5 4 4 4 5 
20 20 23 18 18 18 29 29 34 34 34 35 35 35 29 29 15 15 13 10 10 13 13 13 10 10 6 0 0 0 0 0 1 1 2 2 2 2 6 6 5 5 4 4 4 5 
18 18 22 23 23 20 26 26 28 28 28 31 31 26 20 20 16 16 13 14 14 18 15 15 9 9 7 5 5 1 0 0 1 1 1 4 4 2 3 3 7 7 7 7 7 7 
16 16 14 20 20 24 20 20 29 29 29 30 30 25 19 19 17 17 14 10 10 16 15 15 7 7 8 8 8 7 2 2 0 0 1 3 3 4 3 3 6 6 6 5 5 4 
16 16 14 20 20 24 20 20 29 29 29 30 30 25 19 19 17 17 14 10 10 16 15 15 7 7 8 8 8 7 2 2 0 0 1 3 3 4 3 3 6 6 6 5 5 4 
17 17 10 13 13 19 24 24 28 28 37 36 36 28 22 22 17 17 13 11 11 10 14 14 11 11 8 11 11 8 7 7 2 2 0 4 4 7 8 8 7 7 4 3 3 2 
10 10 10 9 9 16 23 23 30 30 29 36 36 38 31 31 20 20 10 10 10 7 9 9 12 12 12 9 9 14 8 8 5 5 1 2 2 5 5 5 4 4 2 1 1 1 
10 10 10 9 9 16 23 23 30 30 29 36 36 38 31 31 20 20 10 10 10 7 9 9 12 12 12 9 9 14 8 8 5 5 1 2 2 5 5 5 4 4 2 1 1 1 
12 12 13 14 14 14 16 16 25 25 30 40 40 36 33 33 24 24 14 11 11 10 12 12 10 10 14 11 11 8 10 10 7 7 5 2 2 1 1 1 0 0 0 0 0 0 
12 12 13 14 14 14 16 16 25 25 30 40 40 36 33 33 24 24 14 11 11 10 12 12 10 10 14 11 11 8 10 10 7 7 5 2 2 1 1 1 0 0 0 0 0 0 
13 13 12 14 14 16 13 13 15 15 19 24 24 34 27 27 28 28 17 14 14 13 18 18 13 13 11 9 9 5 4 4 3 3 2 4 4 1 0 0 0 0 0 0 0 0 
9 9 13 16 16 16 13 13 14 14 15 22 22 33 19 19 21 21 24 15 15 11 10 10 20 20 18 9 9 8 5 5 3 3 2 1 1 0 0 0 0 0 0 0 0 0 
9 9 13 16 16 16 13 13 14 14 15 22 22 33 19 19 21 21 24 15 15 11 10 10 20 20 18 9 9 8 5 5 3 3 2 1 1 0 0 0 0 0 0 0 0 0 
5 5 11 12 12 9 10 10 11 11 11 15 15 15 23 23 21 21 23 25 25 22 17 17 17 17 25 15 15 2 1 1 0 0 0 0 0 0 0 0 0 0 0 0 0 0 
5 5 14 13 13 4 8 8 10 10 7 10 10 14 17 17 25 25 25 19 19 13 11 11 20 20 22 28 28 18 13 13 7 7 5 6 6 0 0 0 0 0 1 1 1 1 
5 5 14 13 13 4 8 8 10 10 7 10 10 14 17 17 25 25 25 19 19 13 11 11 20 20 22 28 28 18 13 13 7 7 5 6 6 0 0 0 0 0 1 1 1 1 
4 4 7 5 5 11 13 13 10 10 14 18 18 15 12 12 15 15 12 12 12 15 12 12 13 13 26 25 25 36 31 31 22 22 21 15 15 1 1 1 2 2 2 2 2 2 
4 4 7 5 5 11 13 13 10 10 14 18 18 15 12 12 15 15 12 12 12 15 12 12 13 13 26 25 25 36 31 31 22 22 21 15 15 1 1 1 2 2 2 2 2 2 
4 4 5 6 6 8 8 8 8 8 9 15 15 12 12 12 14 14 11 12 12 6 10 10 8 8 15 9 9 5 3 3 3 3 3 1 1 3 1 1 1 1 2 1 1 1 
5 5 5 7 7 10 15 15 9 9 5 6 6 7 6 6 8 8 9 8 8 5 6 6 6 6 8 2 2 4 2 2 1 1 0 1 1 1 1 1 0 0 1 1 1 1 
5 5 5 7 7 10 15 15 9 9 5 6 6 7 6 6 8 8 9 8 8 5 6 6 6 6 8 2 2 4 2 2 1 1 0 1 1 1 1 1 0 0 1 1 1 1 
3 3 4 7 7 8 15 15 13 13 5 4 4 4 2 2 4 4 9 9 9 6 7 7 9 9 6 3 3 4 2 2 1 1 3 0 0 1 0 0 0 0 0 0 0 0 
3 3 3 5 5 6 9 9 10 10 10 4 4 3 3 3 1 1 1 8 8 3 6 6 8 8 9 1 1 2 1 1 0 0 1 0 0 0 0 0 0 0 1 1 1 0 
3 3 3 5 5 6 9 9 10 10 10 4 4 3 3 3 1 1 1 8 8 3 6 6 8 8 9 1 1 2 1 1 0 0 1 0 0 0 0 0 0 0 1 1 1 0 
5 5 4 4 4 5 5 5 7 7 8 7 7 6 6 6 1 1 2 2 2 1 2 2 2 2 2 0 0 0 0 0 0 0 1 1 1 1 0 0 0 0 0 0 0 0 
5 5 4 4 4 5 5 5 7 7 8 7 7 6 6 6 1 1 2 2 2 1 2 2 2 2 2 0 0 0 0 0 0 0 1 1 1 1 0 0 0 0 0 0 0 0 
4 4 4 4 4 4 5 5 6 6 7 5 5 5 4 4 2 2 1 1 1 3 6 6 4 4 2 2 2 0 0 0 0 0 1 1 1 1 0 0 0 0 0 0 0 0 
1 1 2 3 3 3 5 5 5 5 5 4 4 4 2 2 1 1 1 0 0 2 6 6 4 4 1 1 1 0 0 0 1 1 1 1 1 1 0 0 1 1 0 0 0 0 
1 1 2 3 3 3 5 5 5 5 5 4 4 4 2 2 1 1 1 0 0 2 6 6 4 4 1 1 1 0 0 0 1 1 1 1 1 1 0 0 1 1 0 0 0 0 
4 4 3 2 2 2 2 2 4 4 4 4 4 4 2 2 1 1 1 1 1 1 7 7 7 7 2 1 1 0 0 0 0 0 0 0 0 0 0 0 0 0 0 0 0 0 
3 3 3 2 2 2 2 2 3 3 2 3 3 3 2 2 1 1 0 0 0 0 6 6 7 7 9 12 12 10 1 1 0 0 0 0 0 0 0 0 0 0 0 0 0 0 
3 3 3 2 2 2 2 2 3 3 2 3 3 3 2 2 1 1 0 0 0 0 6 6 7 7 9 12 12 10 1 1 0 0 0 0 0 0 0 0 0 0 0 0 0 0 
3 3 2 1 1 1 2 2 2 2 1 1 1 2 1 1 1 1 1 1 1 1 2 2 5 5 3 8 8 10 0 0 0 0 0 0 0 0 0 0 0 0 0 0 0 0 
3 3 2 1 1 1 2 2 2 2 1 1 1 2 1 1 1 1 1 1 1 1 2 2 5 5 3 8 8 10 0 0 0 0 0 0 0 0 0 0 0 0 0 0 0 0 
2 2 2 1 1 1 2 2 2 2 1 1 1 1 1 1 1 1 0 0 0 0 1 1 3 3 1 0 0 0 4 4 14 14 0 0 0 0 0 0 0 0 0 0 0 0 
2 2 2 1 1 1 1 1 0 0 0 1 1 1 1 1 1 1 0 0 0 0 0 0 0 0 0 1 1 0 1 1 7 7 1 1 1 1 0 0 0 0 0 0 0 0 
2 2 2 1 1 1 1 1 0 0 0 1 1 1 1 1 1 1 0 0 0 0 0 0 0 0 0 1 1 0 1 1 7 7 1 1 1 1 0 0 0 0 0 0 0 0 
1 1 1 1 1 0 0 0 0 0 0 0 0 1 0 0 0 0 0 0 0 1 2 2 1 1 2 3 3 2 2 2 2 2 2 2 2 2 1 1 0 0 0 0 0 0 
1 1 1 2 2 2 2 2 3 3 0 0 0 0 0 0 0 0 1 1 1 1 1 1 1 1 2 1 1 1 2 2 2 2 2 2 2 1 1 1 0 0 0 0 0 0 
1 1 1 2 2 2 2 2 3 3 0 0 0 0 0 0 0 0 1 1 1 1 1 1 1 1 2 1 1 1 2 2 2 2 2 2 2 1 1 1 0 0 0 0 0 0 
1 1 2 2 2 3 5 5 1 1 0 0 0 0 0 0 0 0 0 0 0 0 0 0 0 0 0 1 1 1 0 0 0 0 0 0 0 0 0 0 0 0 0 0 0 0 
1 1 2 2 2 3 5 5 1 1 0 0 0 0 0 0 0 0 0 0 0 0 0 0 0 0 0 1 1 1 0 0 0 0 0 0 0 0 0 0 0 0 0 0 0 0 
1 1 1 2 2 3 1 1 0 0 0 0 0 0 0 0 0 0 1 0 0 0 0 0 0 0 0 1 1 1 0 0 0 0 0 0 0 0 0 0 0 0 0 0 0 0 
1 1 1 1 1 1 0 0 0 0 0 0 0 0 0 0 0 0 0 1 1 0 0 0 1 1 1 2 2 0 0 0 0 0 0 0 0 0 0 0 0 0 0 0 0 0 
1 1 1 1 1 1 0 0 0 0 0 0 0 0 0 0 0 0 0 1 1 0 0 0 1 1 1 2 2 0 0 0 0 0 0 0 0 0 0 0 0 0 0 0 0 0 
0 0 0 0 0 0 0 0 0 0 0 0 0 1 0 0 0 0 0 0 0 0 1 1 1 1 1 2 2 1 0 0 0 0 0 0 0 0 0 0 0 0 0 0 0 0 
0 0 0 0 0 1 1 1 0 0 0 0 0 2 1 1 0 0 0 0 0 0 0 0 0 0 0 0 0 0 0 0 0 0 0 0 0 0 0 0 0 0 0 0 0 0 
0 0 0 0 0 1 1 1 0 0 0 0 0 2 1 1 0 0 0 0 0 0 0 0 0 0 0 0 0 0 0 0 0 0 0 0 0 0 0 0 0 0 0 0 0 0 
0 0 1 2 2 4 1 1 0 0 0 0 0 0 0 0 0 0 0 0 0 0 0 0 0 0 0 0 0 0 0 0 0 0 0 7 7 0 0 0 0 0 0 0 0 0 
0 0 1 2 2 4 1 1 0 0 0 0 0 0 0 0 0 0 0 0 0 0 0 0 0 0 0 0 0 0 0 0 0 0 0 7 7 0 0 0 0 0 0 0 0 0 
0 0 1 3 3 3 1 1 1 1 0 0 0 0 0 0 0 0 0 0 0 0 0 0 0 0 0 0 0 0 0 0 0 0 0 0 0 0 0 0 0 0 0 0 0 0 
0 0 1 6 6 6 3 3 3 3 0 0 0 0 0 0 0 0 0 0 0 1 0 0 0 0 1 1 1 1 1 1 1 1 3 0 0 0 0 0 0 0 0 0 0 0 
0 0 1 6 6 6 3 3 3 3 0 0 0 0 0 0 0 0 0 0 0 1 0 0 0 0 1 1 1 1 1 1 1 1 3 0 0 0 0 0 0 0 0 0 0 0 
0 0 1 3 3 2 3 3 5 5 2 0 0 0 0 0 0 0 0 1 1 1 1 1 0 0 0 1 1 1 1 1 1 1 1 0 0 1 0 0 0 0 0 0 0 0 
0 0 0 1 1 2 4 4 10 10 9 2 2 0 0 0 0 0 1 1 1 3 1 1 1 1 0 0 0 1 1 1 1 1 1 1 1 2 0 0 0 0 0 0 0 1 
0 0 0 1 1 2 4 4 10 10 9 2 2 0 0 0 0 0 1 1 1 3 1 1 1 1 0 0 0 1 1 1 1 1 1 1 1 2 0 0 0 0 0 0 0 1 
0 0 0 0 0 2 3 3 3 3 5 3 3 1 0 0 1 1 1 1 1 1 1 1 0 0 0 0 0 0 0 0 0 0 1 2 2 1 1 1 0 0 0 0 0 0 
0 0 0 0 0 2 3 3 3 3 5 3 3 1 0 0 1 1 1 1 1 1 1 1 0 0 0 0 0 0 0 0 0 0 1 2 2 1 1 1 0 0 0 0 0 0 
0 0 0 0 0 1 2 2 1 1 1 1 1 1 0 0 0 0 1 1 1 6 1 1 0 0 0 0 0 0 0 0 0 0 0 0 0 1 2 2 0 0 0 0 0 0 
0 0 0 0 0 0 0 0 0 0 0 0 0 0 0 0 0 0 1 4 4 2 1 1 1 1 0 1 1 0 0 0 0 0 0 0 0 1 1 1 1 1 0 0 0 0 
0 0 0 0 0 0 0 0 0 0 0 0 0 0 0 0 0 0 1 4 4 2 1 1 1 1 0 1 1 0 0 0 0 0 0 0 0 1 1 1 1 1 0 0 0 0 
0 0 0 0 0 0 0 0 0 0 0 0 0 0 0 0 0 0 0 6 6 4 2 2 5 5 4 3 3 3 0 0 0 0 0 0 0 0 1 1 1 1 1 1 1 0 
0 0 0 0 0 0 0 0 0 0 0 0 0 0 0 0 0 0 0 1 1 1 2 2 5 5 7 2 2 1 0 0 0 0 0 0 0 4 8 8 16 16 10 0 0 0 
