assets/RAT_results_old/precipitation/2024-08-29_IMERG.asc
ncols        46
nrows        77
xllcorner    74.800261325624
yllcorner    8.058333333333
cellsize     0.062500000000
NODATA_value -9999
23 23 29 41 41 43 40 40 22 22 12 4 4 4 3 3 2 2 2 1 1 1 0 0 0 0 1 1 1 3 3 3 6 6 5 8 8 7 10 10 9 9 9 6 6 6 
10 10 12 17 17 25 28 28 26 26 17 12 12 8 5 5 3 3 1 3 3 1 1 1 1 1 1 1 1 2 3 3 5 5 7 8 8 8 11 11 10 10 14 10 10 10 
10 10 12 17 17 25 28 28 26 26 17 12 12 8 5 5 3 3 1 3 3 1 1 1 1 1 1 1 1 2 3 3 5 5 7 8 8 8 11 11 10 10 14 10 10 10 
11 11 11 14 14 15 16 16 16 16 19 18 18 17 14 14 11 11 6 3 3 4 3 3 2 2 2 2 2 3 3 3 4 4 5 8 8 9 12 12 12 12 13 13 13 17 
16 16 23 18 18 18 15 15 17 17 16 17 17 14 12 12 9 9 5 3 3 3 3 3 4 4 2 3 3 4 4 4 5 5 5 7 7 7 11 11 13 13 17 16 16 19 
16 16 23 18 18 18 15 15 17 17 16 17 17 14 12 12 9 9 5 3 3 3 3 3 4 4 2 3 3 4 4 4 5 5 5 7 7 7 11 11 13 13 17 16 16 19 
32 32 50 38 38 27 28 28 23 23 24 17 17 15 12 12 9 9 5 2 2 3 2 2 3 3 3 3 3 3 6 6 7 7 5 6 6 7 9 9 10 10 15 15 15 18 
32 32 50 38 38 27 28 28 23 23 24 17 17 15 12 12 9 9 5 2 2 3 2 2 3 3 3 3 3 3 6 6 7 7 5 6 6 7 9 9 10 10 15 15 15 18 
24 24 41 32 32 36 32 32 25 25 18 16 16 9 8 8 5 5 2 2 2 2 2 2 2 2 2 3 3 4 6 6 6 6 8 7 7 6 7 7 8 8 10 11 11 15 
18 18 19 29 29 27 25 25 24 24 18 9 9 7 6 6 6 6 6 6 6 5 3 3 2 2 3 3 3 4 5 5 7 7 8 8 8 8 9 9 9 9 11 10 10 12 
18 18 19 29 29 27 25 25 24 24 18 9 9 7 6 6 6 6 6 6 6 5 3 3 2 2 3 3 3 4 5 5 7 7 8 8 8 8 9 9 9 9 11 10 10 12 
20 20 20 34 34 34 28 28 27 27 22 13 13 11 13 13 10 10 7 5 5 3 3 3 3 3 2 3 3 4 6 6 7 7 8 8 8 7 9 9 7 7 7 7 7 5 
22 22 25 20 20 28 38 38 33 33 28 28 28 21 14 14 14 14 12 6 6 5 5 5 2 2 3 3 3 4 6 6 7 7 10 9 9 10 10 10 13 13 10 8 8 8 
22 22 25 20 20 28 38 38 33 33 28 28 28 21 14 14 14 14 12 6 6 5 5 5 2 2 3 3 3 4 6 6 7 7 10 9 9 10 10 10 13 13 10 8 8 8 
19 19 21 19 19 19 32 32 33 33 32 34 34 24 9 9 7 7 4 3 3 2 2 2 2 2 2 1 1 4 5 5 6 6 9 10 10 13 14 14 14 14 11 14 14 11 
19 19 21 19 19 19 32 32 33 33 32 34 34 24 9 9 7 7 4 3 3 2 2 2 2 2 2 1 1 4 5 5 6 6 9 10 10 13 14 14 14 14 11 14 14 11 
14 14 19 23 23 23 54 54 43 43 52 60 60 63 55 55 44 44 21 13 13 8 6 6 3 3 1 2 2 3 3 3 5 5 6 7 7 8 11 11 12 12 13 13 13 11 
17 17 19 22 22 24 27 27 69 69 59 59 59 68 63 63 48 48 23 16 16 13 9 9 7 7 5 2 2 2 2 2 2 2 4 5 5 7 7 7 9 9 13 14 14 15 
17 17 19 22 22 24 27 27 69 69 59 59 59 68 63 63 48 48 23 16 16 13 9 9 7 7 5 2 2 2 2 2 2 2 4 5 5 7 7 7 9 9 13 14 14 15 
30 30 33 32 32 32 29 29 29 29 57 57 57 53 40 40 30 30 21 17 17 12 8 8 7 7 6 3 3 3 2 2 3 3 3 3 3 5 5 5 7 7 7 8 8 15 
30 30 37 36 36 37 39 39 37 37 36 66 66 54 44 44 35 35 26 22 22 17 11 11 9 9 6 4 4 4 3 3 2 2 4 3 3 5 7 7 8 8 6 7 7 7 
30 30 37 36 36 37 39 39 37 37 36 66 66 54 44 44 35 35 26 22 22 17 11 11 9 9 6 4 4 4 3 3 2 2 4 3 3 5 7 7 8 8 6 7 7 7 
34 34 38 38 38 39 45 45 48 48 45 72 72 64 51 51 43 43 33 25 25 20 17 17 14 14 9 8 8 4 3 3 3 3 3 3 3 4 5 5 6 6 6 7 7 7 
34 34 38 38 38 39 45 45 48 48 45 72 72 64 51 51 43 43 33 25 25 20 17 17 14 14 9 8 8 4 3 3 3 3 3 3 3 4 5 5 6 6 6 7 7 7 
24 24 25 24 24 27 31 31 40 40 44 47 47 73 58 58 52 52 42 31 31 23 19 19 16 16 12 8 8 6 3 3 1 1 2 2 2 4 4 4 5 5 5 6 6 7 
10 10 12 20 20 28 33 33 34 34 40 46 46 75 62 62 61 61 55 46 46 40 32 32 22 22 17 13 13 9 6 6 3 3 2 2 2 2 3 3 4 4 5 6 6 6 
10 10 12 20 20 28 33 33 34 34 40 46 46 75 62 62 61 61 55 46 46 40 32 32 22 22 17 13 13 9 6 6 3 3 2 2 2 2 3 3 4 4 5 6 6 6 
10 10 8 10 10 21 25 25 33 33 37 46 46 45 69 69 56 56 56 57 57 53 37 37 28 28 21 17 17 12 7 7 3 3 2 1 1 2 2 2 2 2 3 3 3 4 
10 10 10 8 8 11 17 17 19 19 23 30 30 36 39 39 59 59 51 55 55 53 40 40 35 35 25 18 18 12 6 6 3 3 2 1 1 1 2 2 2 2 2 3 3 3 
10 10 10 8 8 11 17 17 19 19 23 30 30 36 39 39 59 59 51 55 55 53 40 40 35 35 25 18 18 12 6 6 3 3 2 1 1 1 2 2 2 2 2 3 3 3 
10 10 9 11 11 11 15 15 18 18 23 26 26 32 37 37 59 59 59 60 60 56 60 60 42 42 31 22 22 14 7 7 5 5 3 2 2 1 1 1 1 1 1 2 2 2 
10 10 9 11 11 11 15 15 18 18 23 26 26 32 37 37 59 59 59 60 60 56 60 60 42 42 31 22 22 14 7 7 5 5 3 2 2 1 1 1 1 1 1 2 2 2 
6 6 9 8 8 11 19 19 21 21 23 26 26 32 38 38 58 58 67 62 62 52 55 55 54 54 45 31 31 17 10 10 5 5 3 2 2 1 1 1 1 1 1 1 1 1 
4 4 8 13 13 14 22 22 25 25 31 29 29 36 41 41 61 61 52 58 58 61 55 55 48 48 41 32 32 21 11 11 8 8 6 4 4 3 3 3 3 3 2 2 2 1 
4 4 8 13 13 14 22 22 25 25 31 29 29 36 41 41 61 61 52 58 58 61 55 55 48 48 41 32 32 21 11 11 8 8 6 4 4 3 3 3 3 3 2 2 2 1 
5 5 10 10 10 19 20 20 27 27 30 40 40 43 44 44 37 37 51 51 51 54 56 56 51 51 46 35 35 30 23 23 18 18 14 12 12 14 11 11 8 8 5 4 4 3 
4 4 6 10 10 10 14 14 16 16 22 27 27 32 37 37 36 36 53 48 48 46 47 47 50 50 42 36 36 27 22 22 19 19 18 16 16 17 13 13 9 9 7 5 5 4 
4 4 6 10 10 10 14 14 16 16 22 27 27 32 37 37 36 36 53 48 48 46 47 47 50 50 42 36 36 27 22 22 19 19 18 16 16 17 13 13 9 9 7 5 5 4 
5 5 7 7 7 6 9 9 9 9 12 15 15 19 22 22 22 22 39 37 37 43 37 37 41 41 42 30 30 24 18 18 14 14 13 13 13 11 9 9 7 7 6 4 4 3 
5 5 7 7 7 6 9 9 9 9 12 15 15 19 22 22 22 22 39 37 37 43 37 37 41 41 42 30 30 24 18 18 14 14 13 13 13 11 9 9 7 7 6 4 4 3 
5 5 6 4 4 5 5 5 7 7 9 12 12 12 16 16 17 17 20 30 30 34 40 40 41 41 39 35 35 26 21 21 17 17 14 11 11 11 10 10 8 8 5 3 3 2 
2 2 3 4 4 4 4 4 6 6 8 10 10 12 15 15 15 15 15 22 22 27 32 32 37 37 37 33 33 28 25 25 23 23 19 14 14 9 7 7 4 4 2 1 1 1 
2 2 3 4 4 4 4 4 6 6 8 10 10 12 15 15 15 15 15 22 22 27 32 32 37 37 37 33 33 28 25 25 23 23 19 14 14 9 7 7 4 4 2 1 1 1 
2 2 2 3 3 5 9 9 10 10 10 12 12 10 12 12 11 11 12 13 13 25 23 23 29 29 28 24 24 25 20 20 20 20 19 13 13 10 7 7 4 4 2 1 1 0 
1 1 2 2 2 3 7 7 8 8 8 9 9 13 12 12 10 10 10 10 10 21 21 21 23 23 29 31 31 28 22 22 19 19 17 13 13 9 6 6 3 3 1 0 0 0 
1 1 2 2 2 3 7 7 8 8 8 9 9 13 12 12 10 10 10 10 10 21 21 21 23 23 29 31 31 28 22 22 19 19 17 13 13 9 6 6 3 3 1 0 0 0 
2 2 2 1 1 1 3 3 6 6 7 9 9 11 15 15 12 12 14 13 13 14 23 23 24 24 34 31 31 31 26 26 19 19 17 15 15 10 6 6 3 3 2 1 1 0 
2 2 2 1 1 1 3 3 6 6 7 9 9 11 15 15 12 12 14 13 13 14 23 23 24 24 34 31 31 31 26 26 19 19 17 15 15 10 6 6 3 3 2 1 1 0 
1 1 1 1 1 1 1 1 3 3 4 4 4 9 12 12 16 16 20 23 23 22 33 33 30 30 31 30 30 34 23 23 15 15 11 7 7 5 3 3 2 2 0 1 1 1 
0 0 0 0 0 0 1 1 1 1 1 1 1 4 9 9 14 14 23 24 24 27 48 48 40 40 40 32 32 30 22 22 16 16 8 5 5 3 2 2 1 1 1 1 1 1 
0 0 0 0 0 0 1 1 1 1 1 1 1 4 9 9 14 14 23 24 24 27 48 48 40 40 40 32 32 30 22 22 16 16 8 5 5 3 2 2 1 1 1 1 1 1 
0 0 0 0 0 0 0 0 0 0 1 1 1 4 10 10 15 15 23 23 23 26 40 40 37 37 34 22 22 18 17 17 16 16 9 4 4 3 2 2 1 1 1 1 1 1 
5 5 5 4 4 3 1 1 1 1 1 2 2 4 6 6 11 11 11 13 13 17 17 17 25 25 27 22 22 17 16 16 12 12 10 8 8 5 5 5 3 3 1 1 1 2 
5 5 5 4 4 3 1 1 1 1 1 2 2 4 6 6 11 11 11 13 13 17 17 17 25 25 27 22 22 17 16 16 12 12 10 8 8 5 5 5 3 3 1 1 1 2 
6 6 6 4 4 4 4 4 3 3 3 2 2 3 3 3 4 4 8 11 11 13 15 15 16 16 20 18 18 18 20 20 17 17 13 9 9 7 5 5 4 4 3 2 2 1 
6 6 6 4 4 4 4 4 3 3 3 2 2 3 3 3 4 4 8 11 11 13 15 15 16 16 20 18 18 18 20 20 17 17 13 9 9 7 5 5 4 4 3 2 2 1 
7 7 6 5 5 5 5 5 4 4 3 2 2 1 1 1 2 2 5 8 8 10 13 13 25 25 27 28 28 22 16 16 13 13 12 8 8 6 4 4 3 3 2 1 1 0 
7 7 7 8 8 5 6 6 5 5 5 4 4 4 4 4 3 3 4 7 7 10 13 13 22 22 24 22 22 21 15 15 11 11 9 4 4 2 2 2 2 2 1 0 0 0 
7 7 7 8 8 5 6 6 5 5 5 4 4 4 4 4 3 3 4 7 7 10 13 13 22 22 24 22 22 21 15 15 11 11 9 4 4 2 2 2 2 2 1 0 0 0 
6 6 10 10 10 9 7 7 6 6 5 4 4 4 4 4 4 4 3 5 5 6 10 10 9 9 16 14 14 10 7 7 5 5 3 2 2 2 0 0 0 0 0 0 0 0 
3 3 3 6 6 5 5 5 5 5 6 6 6 7 7 7 8 8 6 5 5 5 6 6 7 7 13 12 12 10 6 6 3 3 1 1 1 0 0 0 0 0 0 0 0 0 
3 3 3 6 6 5 5 5 5 5 6 6 6 7 7 7 8 8 6 5 5 5 6 6 7 7 13 12 12 10 6 6 3 3 1 1 1 0 0 0 0 0 0 0 0 0 
1 1 2 2 2 3 4 4 5 5 5 6 6 7 7 7 6 6 6 6 6 4 4 4 3 3 3 4 4 3 2 2 1 1 0 0 0 0 0 0 0 0 0 0 0 0 
1 1 2 2 2 3 4 4 5 5 5 6 6 7 7 7 6 6 6 6 6 4 4 4 3 3 3 4 4 3 2 2 1 1 0 0 0 0 0 0 0 0 0 0 0 0 
3 3 4 3 3 4 5 5 7 7 9 8 8 11 10 10 11 11 12 10 10 9 7 7 5 5 3 3 3 2 1 1 1 1 0 0 0 0 0 0 0 0 0 0 0 0 
4 4 3 3 3 2 2 2 4 4 6 7 7 10 9 9 8 8 8 7 7 4 3 3 2 2 1 1 1 1 1 1 1 1 1 1 1 0 0 0 0 0 0 0 0 0 
4 4 3 3 3 2 2 2 4 4 6 7 7 10 9 9 8 8 8 7 7 4 3 3 2 2 1 1 1 1 1 1 1 1 1 1 1 0 0 0 0 0 0 0 0 0 
3 3 3 3 3 3 2 2 4 4 6 6 6 7 7 7 6 6 6 4 4 4 2 2 2 2 1 1 1 2 1 1 1 1 1 1 1 0 0 0 0 0 0 0 0 0 
3 3 3 2 2 3 3 3 5 5 5 6 6 6 5 5 4 4 4 3 3 3 2 2 1 1 1 1 1 2 5 5 4 4 4 4 4 2 0 0 0 0 0 0 0 0 
3 3 3 2 2 3 3 3 5 5 5 6 6 6 5 5 4 4 4 3 3 3 2 2 1 1 1 1 1 2 5 5 4 4 4 4 4 2 0 0 0 0 0 0 0 0 
4 4 4 2 2 2 3 3 3 3 3 4 4 3 2 2 3 3 3 4 4 5 5 5 1 1 0 0 0 0 1 1 2 2 1 2 2 3 3 3 1 1 0 0 0 0 
4 4 4 2 2 2 3 3 3 3 3 4 4 3 2 2 3 3 3 4 4 5 5 5 1 1 0 0 0 0 1 1 2 2 1 2 2 3 3 3 1 1 0 0 0 0 
6 6 5 4 4 4 4 4 4 4 4 4 4 4 4 4 4 4 7 6 6 6 2 2 1 1 0 0 0 0 0 0 0 0 1 1 1 1 1 1 0 0 0 0 0 0 
9 9 10 9 9 7 8 8 7 7 5 4 4 3 4 4 3 3 4 3 3 2 1 1 1 1 0 0 0 0 0 0 0 0 0 0 0 0 0 0 0 0 0 0 0 0 
9 9 10 9 9 7 8 8 7 7 5 4 4 3 4 4 3 3 4 3 3 2 1 1 1 1 0 0 0 0 0 0 0 0 0 0 0 0 0 0 0 0 0 0 0 0 
8 8 7 6 6 5 4 4 3 3 3 3 3 3 3 3 3 3 3 2 2 1 1 1 1 1 7 1 1 0 0 0 0 0 0 0 0 0 0 0 0 0 0 0 0 0 
9 9 5 4 4 3 3 3 3 3 3 2 2 3 2 2 2 2 1 1 1 1 1 1 9 9 9 10 10 2 1 1 0 0 0 0 0 0 0 0 0 0 0 0 0 0 
