assets/RAT_results_old/precipitation/2024-06-20_IMERG.asc
ncols        46
nrows        77
xllcorner    74.800261325624
yllcorner    8.058333333333
cellsize     0.062500000000
NODATA_value -9999
22 22 4 12 12 17 13 13 11 11 12 11 11 10 10 10 2 2 1 0 0 0 0 0 0 0 0 0 0 0 0 0 0 0 0 1 1 1 4 4 2 2 3 3 3 2 
36 36 20 19 19 15 15 15 10 10 8 8 8 7 4 4 1 1 0 0 0 0 0 0 0 0 0 0 0 0 1 1 0 0 0 0 0 2 3 3 3 3 3 3 3 2 
36 36 20 19 19 15 15 15 10 10 8 8 8 7 4 4 1 1 0 0 0 0 0 0 0 0 0 0 0 0 1 1 0 0 0 0 0 2 3 3 3 3 3 3 3 2 
30 30 19 19 19 25 28 28 24 24 12 10 10 6 1 1 1 1 0 0 0 0 0 0 0 0 0 0 0 0 1 1 0 0 0 1 1 0 1 1 0 0 1 1 1 1 
41 41 21 18 18 21 27 27 9 9 13 6 6 7 0 0 1 1 0 0 0 1 0 0 0 0 0 0 0 0 1 1 0 0 1 0 0 0 0 0 0 0 0 1 1 1 
41 41 21 18 18 21 27 27 9 9 13 6 6 7 0 0 1 1 0 0 0 1 0 0 0 0 0 0 0 0 1 1 0 0 1 0 0 0 0 0 0 0 0 1 1 1 
23 23 10 8 8 12 9 9 7 7 3 4 4 2 1 1 1 1 2 0 0 1 0 0 0 0 0 0 0 0 0 0 0 0 0 0 0 0 0 0 0 0 1 2 2 3 
23 23 10 8 8 12 9 9 7 7 3 4 4 2 1 1 1 1 2 0 0 1 0 0 0 0 0 0 0 0 0 0 0 0 0 0 0 0 0 0 0 0 1 2 2 3 
17 17 10 4 4 3 3 3 6 6 6 6 6 4 4 4 2 2 1 0 0 0 0 0 0 0 0 0 0 0 0 0 0 0 0 0 0 0 1 1 1 1 2 3 3 6 
13 13 14 4 4 3 4 4 4 4 9 11 11 4 3 3 2 2 1 0 0 0 0 0 0 0 0 1 1 2 1 1 0 0 0 0 0 1 1 1 1 1 2 4 4 6 
13 13 14 4 4 3 4 4 4 4 9 11 11 4 3 3 2 2 1 0 0 0 0 0 0 0 0 1 1 2 1 1 0 0 0 0 0 1 1 1 1 1 2 4 4 6 
13 13 18 24 24 10 9 9 8 8 11 6 6 5 2 2 2 2 1 0 0 0 0 0 0 0 0 1 1 5 11 11 8 8 5 0 0 2 2 2 1 1 2 5 5 10 
27 27 14 15 15 8 10 10 15 15 14 12 12 13 6 6 5 5 5 3 3 2 1 1 1 1 0 0 0 4 9 9 12 12 5 0 0 3 2 2 1 1 2 6 6 11 
27 27 14 15 15 8 10 10 15 15 14 12 12 13 6 6 5 5 5 3 3 2 1 1 1 1 0 0 0 4 9 9 12 12 5 0 0 3 2 2 1 1 2 6 6 11 
36 36 16 10 10 8 12 12 13 13 21 27 27 33 25 25 28 28 5 4 4 3 2 2 1 1 2 2 2 3 4 4 4 4 3 3 3 6 8 8 8 8 8 7 7 14 
36 36 16 10 10 8 12 12 13 13 21 27 27 33 25 25 28 28 5 4 4 3 2 2 1 1 2 2 2 3 4 4 4 4 3 3 3 6 8 8 8 8 8 7 7 14 
48 48 72 12 12 14 18 18 22 22 26 30 30 16 11 11 21 21 16 5 5 3 2 2 1 1 1 2 2 2 2 2 2 2 2 4 4 12 11 11 12 12 12 10 10 11 
62 62 53 12 12 11 16 16 21 21 20 23 23 17 21 21 12 12 8 8 8 11 6 6 3 3 2 2 2 2 4 4 3 3 4 7 7 14 10 10 12 12 13 13 13 12 
62 62 53 12 12 11 16 16 21 21 20 23 23 17 21 21 12 12 8 8 8 11 6 6 3 3 2 2 2 2 4 4 3 3 4 7 7 14 10 10 12 12 13 13 13 12 
88 88 32 18 18 12 15 15 13 13 18 22 22 22 24 24 19 19 15 16 16 13 10 10 8 8 5 4 4 4 4 4 3 3 5 7 7 8 6 6 12 12 10 13 13 11 
42 42 13 14 14 15 16 16 16 16 14 23 23 21 26 26 31 31 28 31 31 24 15 15 13 13 10 6 6 5 7 7 5 5 10 10 10 9 6 6 9 9 7 11 11 9 
42 42 13 14 14 15 16 16 16 16 14 23 23 21 26 26 31 31 28 31 31 24 15 15 13 13 10 6 6 5 7 7 5 5 10 10 10 9 6 6 9 9 7 11 11 9 
14 14 6 10 10 12 17 17 11 11 16 21 21 25 27 27 30 30 34 29 29 24 14 14 17 17 16 11 11 5 8 8 5 5 6 8 8 5 5 5 8 8 6 10 10 6 
14 14 6 10 10 12 17 17 11 11 16 21 21 25 27 27 30 30 34 29 29 24 14 14 17 17 16 11 11 5 8 8 5 5 6 8 8 5 5 5 8 8 6 10 10 6 
13 13 8 8 8 11 16 16 10 10 15 16 16 23 26 26 33 33 31 25 25 21 15 15 18 18 16 12 12 7 4 4 3 3 6 5 5 3 3 3 5 5 2 7 7 2 
23 23 12 21 21 14 16 16 17 17 15 22 22 31 30 30 28 28 26 26 26 27 22 22 22 22 22 18 18 17 8 8 7 7 6 4 4 1 2 2 4 4 0 0 0 0 
23 23 12 21 21 14 16 16 17 17 15 22 22 31 30 30 28 28 26 26 26 27 22 22 22 22 22 18 18 17 8 8 7 7 6 4 4 1 2 2 4 4 0 0 0 0 
20 20 19 20 20 16 15 15 17 17 14 18 18 19 30 30 23 23 23 29 29 29 33 33 23 23 25 21 21 20 10 10 6 6 3 1 1 2 1 1 2 2 0 0 0 0 
31 31 21 21 21 16 9 9 10 10 12 12 12 16 17 17 23 23 20 23 23 25 34 34 21 21 25 25 25 17 7 7 3 3 0 0 0 1 1 1 0 0 0 0 0 0 
31 31 21 21 21 16 9 9 10 10 12 12 12 16 17 17 23 23 20 23 23 25 34 34 21 21 25 25 25 17 7 7 3 3 0 0 0 1 1 1 0 0 0 0 0 0 
41 41 30 26 26 13 5 5 6 6 8 8 8 16 17 17 19 19 17 25 25 26 23 23 20 20 23 19 19 12 6 6 2 2 0 0 0 0 0 0 0 0 1 0 0 0 
41 41 30 26 26 13 5 5 6 6 8 8 8 16 17 17 19 19 17 25 25 26 23 23 20 20 23 19 19 12 6 6 2 2 0 0 0 0 0 0 0 0 1 0 0 0 
70 70 41 27 27 16 10 10 7 7 6 7 7 9 14 14 15 15 19 21 21 19 16 16 16 16 22 12 12 7 2 2 0 0 0 0 0 0 0 0 0 0 1 0 0 0 
61 61 29 25 25 22 16 16 7 7 7 7 7 10 19 19 18 18 16 17 17 13 11 11 13 13 8 4 4 1 0 0 0 0 0 0 0 0 0 0 1 1 1 0 0 1 
61 61 29 25 25 22 16 16 7 7 7 7 7 10 19 19 18 18 16 17 17 13 11 11 13 13 8 4 4 1 0 0 0 0 0 0 0 0 0 0 1 1 1 0 0 1 
41 41 25 19 19 28 19 19 19 19 13 12 12 15 20 20 22 22 15 14 14 15 13 13 14 14 7 6 6 4 3 3 2 2 1 1 1 1 1 1 2 2 1 1 1 0 
15 15 24 17 17 23 28 28 23 23 18 19 19 34 29 29 23 23 19 20 20 23 16 16 14 14 12 9 9 11 9 9 6 6 3 2 2 2 2 2 1 1 1 0 0 0 
15 15 24 17 17 23 28 28 23 23 18 19 19 34 29 29 23 23 19 20 20 23 16 16 14 14 12 9 9 11 9 9 6 6 3 2 2 2 2 2 1 1 1 0 0 0 
12 12 11 15 15 17 30 30 21 21 12 15 15 19 20 20 19 19 18 18 18 17 15 15 19 19 19 18 18 21 19 19 10 10 6 4 4 1 0 0 0 0 0 0 0 1 
12 12 11 15 15 17 30 30 21 21 12 15 15 19 20 20 19 19 18 18 18 17 15 15 19 19 19 18 18 21 19 19 10 10 6 4 4 1 0 0 0 0 0 0 0 1 
11 11 10 11 11 15 30 30 15 15 13 9 9 11 12 12 9 9 13 15 15 24 19 19 22 22 23 24 24 30 27 27 18 18 15 9 9 4 1 1 1 1 1 1 1 3 
12 12 13 11 11 13 19 19 10 10 7 4 4 5 4 4 8 8 11 16 16 29 20 20 17 17 16 21 21 29 26 26 21 21 22 20 20 11 6 6 4 4 4 1 1 0 
12 12 13 11 11 13 19 19 10 10 7 4 4 5 4 4 8 8 11 16 16 29 20 20 17 17 16 21 21 29 26 26 21 21 22 20 20 11 6 6 4 4 4 1 1 0 
6 6 9 9 9 10 6 6 8 8 7 4 4 3 7 7 9 9 13 18 18 32 18 18 13 13 13 17 17 22 21 21 14 14 10 19 19 14 14 14 4 4 2 1 1 0 
7 7 7 8 8 10 8 8 9 9 8 8 8 7 9 9 8 8 9 9 9 16 16 16 10 10 10 14 14 14 20 20 13 13 9 21 21 15 6 6 2 2 0 0 0 0 
7 7 7 8 8 10 8 8 9 9 8 8 8 7 9 9 8 8 9 9 9 16 16 16 10 10 10 14 14 14 20 20 13 13 9 21 21 15 6 6 2 2 0 0 0 0 
6 6 13 12 12 17 9 9 7 7 10 11 11 11 12 12 11 11 11 16 16 20 22 22 8 8 10 11 11 12 15 15 8 8 7 11 11 9 6 6 2 2 1 0 0 1 
6 6 13 12 12 17 9 9 7 7 10 11 11 11 12 12 11 11 11 16 16 20 22 22 8 8 10 11 11 12 15 15 8 8 7 11 11 9 6 6 2 2 1 0 0 1 
8 8 12 15 15 17 10 10 7 7 10 12 12 15 16 16 17 17 11 16 16 14 18 18 10 10 17 19 19 17 13 13 7 7 5 8 8 8 4 4 2 2 1 1 1 1 
5 5 6 8 8 11 8 8 8 8 10 13 13 14 15 15 11 11 12 12 12 8 11 11 15 15 17 23 23 17 14 14 8 8 6 5 5 7 2 2 1 1 1 0 0 0 
5 5 6 8 8 11 8 8 8 8 10 13 13 14 15 15 11 11 12 12 12 8 11 11 15 15 17 23 23 17 14 14 8 8 6 5 5 7 2 2 1 1 1 0 0 0 
2 2 4 5 5 6 6 6 10 10 12 15 15 15 10 10 9 9 8 10 10 9 7 7 12 12 23 27 27 21 19 19 16 16 15 7 7 7 3 3 1 1 0 0 0 0 
2 2 3 3 3 6 8 8 11 11 16 22 22 19 17 17 6 6 9 21 21 9 5 5 11 11 18 27 27 27 31 31 28 28 22 12 12 11 8 8 3 3 2 0 0 0 
2 2 3 3 3 6 8 8 11 11 16 22 22 19 17 17 6 6 9 21 21 9 5 5 11 11 18 27 27 27 31 31 28 28 22 12 12 11 8 8 3 3 2 0 0 0 
2 2 6 6 6 9 13 13 16 16 25 34 34 38 18 18 10 10 14 21 21 16 8 8 12 12 15 16 16 23 23 23 28 28 30 20 20 23 19 19 8 8 3 1 1 0 
2 2 6 6 6 9 13 13 16 16 25 34 34 38 18 18 10 10 14 21 21 16 8 8 12 12 15 16 16 23 23 23 28 28 30 20 20 23 19 19 8 8 3 1 1 0 
5 5 8 8 8 11 14 14 25 25 32 48 48 40 26 26 16 16 21 17 17 12 8 8 8 8 9 11 11 17 15 15 21 21 15 18 18 28 20 20 12 12 2 1 1 0 
7 7 9 11 11 11 15 15 20 20 29 41 41 36 27 27 31 31 29 17 17 13 8 8 8 8 9 18 18 24 19 19 17 17 19 19 19 21 21 21 18 18 3 1 1 0 
7 7 9 11 11 11 15 15 20 20 29 41 41 36 27 27 31 31 29 17 17 13 8 8 8 8 9 18 18 24 19 19 17 17 19 19 19 21 21 21 18 18 3 1 1 0 
9 9 9 14 14 12 17 17 26 26 33 39 39 38 39 39 32 32 19 13 13 22 13 13 18 18 24 24 24 20 20 20 12 12 16 16 16 23 21 21 13 13 6 2 2 1 
10 10 12 17 17 13 16 16 18 18 22 32 32 43 42 42 21 21 13 16 16 25 27 27 22 22 34 29 29 29 27 27 30 30 17 15 15 16 12 12 7 7 2 0 0 1 
10 10 12 17 17 13 16 16 18 18 22 32 32 43 42 42 21 21 13 16 16 25 27 27 22 22 34 29 29 29 27 27 30 30 17 15 15 16 12 12 7 7 2 0 0 1 
12 12 13 17 17 15 17 17 18 18 21 29 29 32 38 38 26 26 20 27 27 36 31 31 26 26 30 38 38 40 33 33 31 31 20 16 16 12 13 13 9 9 3 1 1 1 
12 12 13 17 17 15 17 17 18 18 21 29 29 32 38 38 26 26 20 27 27 36 31 31 26 26 30 38 38 40 33 33 31 31 20 16 16 12 13 13 9 9 3 1 1 1 
11 11 11 12 12 15 17 17 16 16 20 28 28 31 43 43 37 37 30 31 31 46 45 45 39 39 33 40 40 27 25 25 25 25 27 23 23 12 13 13 8 8 4 2 2 1 
14 14 10 10 10 11 14 14 13 13 18 22 22 28 45 45 40 40 36 48 48 52 51 51 46 46 35 31 31 37 46 46 40 40 21 22 22 18 21 21 16 16 6 3 3 2 
14 14 10 10 10 11 14 14 13 13 18 22 22 28 45 45 40 40 36 48 48 52 51 51 46 46 35 31 31 37 46 46 40 40 21 22 22 18 21 21 16 16 6 3 3 2 
16 16 15 12 12 16 14 14 14 14 19 25 25 29 37 37 43 43 39 40 40 46 48 48 50 50 30 35 35 28 30 30 44 44 25 27 27 25 24 24 17 17 14 7 7 6 
18 18 21 15 15 21 17 17 16 16 22 19 19 23 28 28 35 35 31 33 33 37 52 52 40 40 34 32 32 34 44 44 39 39 32 29 29 30 30 30 23 23 14 9 9 7 
18 18 21 15 15 21 17 17 16 16 22 19 19 23 28 28 35 35 31 33 33 37 52 52 40 40 34 32 32 34 44 44 39 39 32 29 29 30 30 30 23 23 14 9 9 7 
27 27 21 9 9 12 17 17 16 16 16 14 14 17 17 17 22 22 21 23 23 31 35 35 31 31 31 30 30 39 39 39 52 52 37 33 33 30 29 29 25 25 19 13 13 9 
27 27 21 9 9 12 17 17 16 16 16 14 14 17 17 17 22 22 21 23 23 31 35 35 31 31 31 30 30 39 39 39 52 52 37 33 33 30 29 29 25 25 19 13 13 9 
15 15 11 5 5 4 9 9 8 8 8 11 11 11 12 12 17 17 19 17 17 25 22 22 26 26 31 35 35 57 56 56 50 50 51 45 45 29 28 28 25 25 15 9 9 4 
6 6 7 2 2 2 3 3 3 3 5 4 4 8 13 13 15 15 14 13 13 17 17 17 20 20 23 29 29 53 50 50 45 45 47 57 57 53 24 24 21 21 22 14 14 6 
6 6 7 2 2 2 3 3 3 3 5 4 4 8 13 13 15 15 14 13 13 17 17 17 20 20 23 29 29 53 50 50 45 45 47 57 57 53 24 24 21 21 22 14 14 6 
2 2 2 1 1 2 2 2 4 4 4 6 6 10 15 15 15 15 9 10 10 14 14 14 18 18 28 41 41 47 46 46 37 37 32 22 22 29 33 33 34 34 30 18 18 9 
1 1 3 1 1 2 3 3 6 6 5 6 6 7 12 12 11 11 8 9 9 11 13 13 15 15 20 20 20 23 28 28 37 37 34 22 22 23 22 22 32 32 22 8 8 4 
