assets/RAT_results_old/precipitation/2024-08-13_IMERG.asc
ncols        46
nrows        77
xllcorner    74.800261325624
yllcorner    8.058333333333
cellsize     0.062500000000
NODATA_value -9999
27 27 36 45 45 49 57 57 60 60 58 54 54 48 45 45 43 43 31 32 32 14 7 7 4 4 2 0 0 0 1 1 1 1 0 0 0 0 0 0 0 0 1 0 0 0 
31 31 36 47 47 55 63 63 64 64 71 68 68 63 58 58 55 55 41 33 33 16 7 7 4 4 3 1 1 0 0 0 0 0 0 0 0 0 0 0 0 0 0 0 0 0 
31 31 36 47 47 55 63 63 64 64 71 68 68 63 58 58 55 55 41 33 33 16 7 7 4 4 3 1 1 0 0 0 0 0 0 0 0 0 0 0 0 0 0 0 0 0 
24 24 29 40 40 51 63 63 65 65 63 70 70 58 49 49 44 44 34 27 27 17 9 9 5 5 3 2 2 1 1 1 0 0 0 0 0 0 0 0 0 0 0 0 0 0 
22 22 28 35 35 42 54 54 49 49 61 71 71 55 40 40 36 36 32 33 33 20 11 11 5 5 1 1 1 0 0 0 0 0 0 0 0 0 0 0 0 0 0 0 0 0 
22 22 28 35 35 42 54 54 49 49 61 71 71 55 40 40 36 36 32 33 33 20 11 11 5 5 1 1 1 0 0 0 0 0 0 0 0 0 0 0 0 0 0 0 0 0 
7 7 33 18 18 28 41 41 44 44 47 43 43 36 24 24 26 26 25 23 23 14 10 10 5 5 1 0 0 0 0 0 0 0 0 0 0 0 0 0 0 0 0 0 0 0 
7 7 33 18 18 28 41 41 44 44 47 43 43 36 24 24 26 26 25 23 23 14 10 10 5 5 1 0 0 0 0 0 0 0 0 0 0 0 0 0 0 0 0 0 0 0 
8 8 73 46 46 49 70 70 55 55 40 34 34 42 42 42 25 25 11 5 5 3 4 4 3 3 1 1 1 0 0 0 0 0 0 0 0 0 0 0 0 0 0 0 0 0 
5 5 43 49 49 69 50 50 30 30 26 15 15 11 12 12 16 16 8 4 4 3 2 2 2 2 1 1 1 1 2 2 2 2 2 4 4 3 1 1 1 1 1 1 1 0 
5 5 43 49 49 69 50 50 30 30 26 15 15 11 12 12 16 16 8 4 4 3 2 2 2 2 1 1 1 1 2 2 2 2 2 4 4 3 1 1 1 1 1 1 1 0 
4 4 7 37 37 32 32 32 33 33 17 8 8 8 5 5 3 3 1 1 1 1 1 1 1 1 0 0 0 0 1 1 1 1 1 4 4 3 2 2 1 1 1 1 1 1 
5 5 5 9 9 16 21 21 26 26 30 18 18 9 2 2 0 0 3 1 1 1 1 1 1 1 0 0 0 0 0 0 1 1 1 1 1 1 1 1 1 1 1 1 1 0 
5 5 5 9 9 16 21 21 26 26 30 18 18 9 2 2 0 0 3 1 1 1 1 1 1 1 0 0 0 0 0 0 1 1 1 1 1 1 1 1 1 1 1 1 1 0 
7 7 8 10 10 9 24 24 36 36 45 41 41 27 6 6 2 2 0 1 1 1 0 0 0 0 1 0 0 0 0 0 0 0 1 0 0 1 1 1 1 1 1 1 1 2 
7 7 8 10 10 9 24 24 36 36 45 41 41 27 6 6 2 2 0 1 1 1 0 0 0 0 1 0 0 0 0 0 0 0 1 0 0 1 1 1 1 1 1 1 1 2 
7 7 9 13 13 14 30 30 65 65 62 60 60 34 15 15 8 8 5 2 2 2 1 1 1 1 1 3 3 0 0 0 0 0 1 1 1 0 0 0 0 0 1 1 1 2 
8 8 8 11 11 12 13 13 33 33 38 36 36 29 24 24 11 11 8 6 6 5 2 2 9 9 3 3 3 0 0 0 0 0 1 0 0 0 1 1 1 1 1 1 1 1 
8 8 8 11 11 12 13 13 33 33 38 36 36 29 24 24 11 11 8 6 6 5 2 2 9 9 3 3 3 0 0 0 0 0 1 0 0 0 1 1 1 1 1 1 1 1 
6 6 5 5 5 11 9 9 26 26 37 40 40 54 34 34 16 16 12 13 13 11 8 8 7 7 2 1 1 3 2 2 6 6 4 3 3 2 2 2 1 1 2 4 4 2 
7 7 7 6 6 7 10 10 25 25 29 34 34 27 24 24 26 26 18 15 15 22 12 12 7 7 2 1 1 2 1 1 0 0 0 0 0 1 2 2 2 2 4 3 3 3 
7 7 7 6 6 7 10 10 25 25 29 34 34 27 24 24 26 26 18 15 15 22 12 12 7 7 2 1 1 2 1 1 0 0 0 0 0 1 2 2 2 2 4 3 3 3 
8 8 7 7 7 8 11 11 21 21 18 29 29 16 23 23 17 17 9 9 9 16 21 21 12 12 9 4 4 3 1 1 2 2 2 1 1 2 2 2 3 3 4 4 4 3 
8 8 7 7 7 8 11 11 21 21 18 29 29 16 23 23 17 17 9 9 9 16 21 21 12 12 9 4 4 3 1 1 2 2 2 1 1 2 2 2 3 3 4 4 4 3 
9 9 8 7 7 8 9 9 12 12 14 11 11 20 20 20 16 16 9 4 4 2 6 6 4 4 2 1 1 2 3 3 3 3 3 3 3 3 3 3 2 2 3 3 3 4 
8 8 7 6 6 6 6 6 9 9 13 9 9 16 26 26 27 27 32 11 11 6 5 5 4 4 4 4 4 3 5 5 5 5 5 4 4 4 2 2 2 2 2 3 3 3 
8 8 7 6 6 6 6 6 9 9 13 9 9 16 26 26 27 27 32 11 11 6 5 5 4 4 4 4 4 3 5 5 5 5 5 4 4 4 2 2 2 2 2 3 3 3 
10 10 8 7 7 6 6 6 7 7 9 7 7 9 17 17 37 37 42 20 20 10 7 7 4 4 2 3 3 1 2 2 3 3 3 2 2 2 3 3 4 4 5 5 5 6 
10 10 9 7 7 7 6 6 7 7 8 9 9 13 14 14 23 23 23 15 15 13 10 10 6 6 3 4 4 3 1 1 1 1 4 6 6 6 6 6 5 5 5 4 4 4 
10 10 9 7 7 7 6 6 7 7 8 9 9 13 14 14 23 23 23 15 15 13 10 10 6 6 3 4 4 3 1 1 1 1 4 6 6 6 6 6 5 5 5 4 4 4 
9 9 7 7 7 7 8 8 9 9 11 14 14 17 21 21 27 27 23 25 25 22 16 16 10 10 7 5 5 4 4 4 3 3 5 5 5 4 4 4 2 2 1 1 1 2 
9 9 7 7 7 7 8 8 9 9 11 14 14 17 21 21 27 27 23 25 25 22 16 16 10 10 7 5 5 4 4 4 3 3 5 5 5 4 4 4 2 2 1 1 1 2 
8 8 7 6 6 7 9 9 13 13 15 25 25 37 39 39 52 52 41 34 34 26 22 22 13 13 9 6 6 4 4 4 3 3 2 3 3 3 3 3 1 1 0 0 0 0 
7 7 7 7 7 6 8 8 10 10 14 16 16 28 36 36 57 57 52 51 51 50 39 39 33 33 21 16 16 8 5 5 4 4 3 3 3 3 1 1 0 0 0 0 0 0 
7 7 7 7 7 6 8 8 10 10 14 16 16 28 36 36 57 57 52 51 51 50 39 39 33 33 21 16 16 8 5 5 4 4 3 3 3 3 1 1 0 0 0 0 0 0 
8 8 8 14 14 10 12 12 15 15 16 16 16 25 33 33 34 34 48 46 46 43 39 39 38 38 33 24 24 14 8 8 4 4 1 0 0 0 0 0 0 0 0 0 0 0 
7 7 8 9 9 9 10 10 15 15 16 16 16 19 19 19 19 19 31 29 29 32 32 32 32 32 28 19 19 13 8 8 4 4 2 1 1 1 1 1 0 0 0 0 0 0 
7 7 8 9 9 9 10 10 15 15 16 16 16 19 19 19 19 19 31 29 29 32 32 32 32 32 28 19 19 13 8 8 4 4 2 1 1 1 1 1 0 0 0 0 0 0 
9 9 9 11 11 16 16 16 18 18 18 17 17 15 13 13 10 10 15 16 16 16 19 19 20 20 17 14 14 9 6 6 4 4 3 2 2 1 1 1 1 1 1 0 0 0 
9 9 9 11 11 16 16 16 18 18 18 17 17 15 13 13 10 10 15 16 16 16 19 19 20 20 17 14 14 9 6 6 4 4 3 2 2 1 1 1 1 1 1 0 0 0 
22 22 16 17 17 18 17 17 16 16 15 15 15 16 14 14 14 14 14 21 21 20 21 21 20 20 18 15 15 13 10 10 9 9 7 7 7 5 4 4 5 5 3 2 2 1 
27 27 25 23 23 25 23 23 23 23 20 20 20 20 18 18 17 17 18 25 25 24 24 24 23 23 22 16 16 17 15 15 11 11 12 14 14 14 14 14 10 10 6 3 3 1 
27 27 25 23 23 25 23 23 23 23 20 20 20 20 18 18 17 17 18 25 25 24 24 24 23 23 22 16 16 17 15 15 11 11 12 14 14 14 14 14 10 10 6 3 3 1 
30 30 23 14 14 10 11 11 14 14 15 18 18 22 24 24 34 34 30 29 29 35 33 33 38 38 31 32 32 30 28 28 21 21 20 17 17 17 12 12 11 11 6 3 3 1 
46 46 39 31 31 23 17 17 15 15 17 18 18 19 24 24 21 21 25 28 28 40 40 40 34 34 40 38 38 28 24 24 16 16 11 8 8 5 7 7 8 8 5 3 3 2 
46 46 39 31 31 23 17 17 15 15 17 18 18 19 24 24 21 21 25 28 28 40 40 40 34 34 40 38 38 28 24 24 16 16 11 8 8 5 7 7 8 8 5 3 3 2 
91 91 87 39 39 22 17 17 16 16 18 18 18 17 20 20 22 22 21 23 23 21 33 33 32 32 33 28 28 23 19 19 11 11 5 2 2 1 1 1 3 3 2 1 1 2 
91 91 87 39 39 22 17 17 16 16 18 18 18 17 20 20 22 22 21 23 23 21 33 33 32 32 33 28 28 23 19 19 11 11 5 2 2 1 1 1 3 3 2 1 1 2 
71 71 28 18 18 15 13 13 12 12 14 16 16 14 15 15 16 16 17 17 17 19 37 37 34 34 33 28 28 20 13 13 7 7 3 2 2 1 1 1 1 1 1 1 1 1 
39 39 23 18 18 15 13 13 13 13 15 13 13 13 13 13 15 15 19 24 24 37 72 72 70 70 70 75 75 51 25 25 10 10 4 3 3 2 2 2 1 1 1 1 1 2 
39 39 23 18 18 15 13 13 13 13 15 13 13 13 13 13 15 15 19 24 24 37 72 72 70 70 70 75 75 51 25 25 10 10 4 3 3 2 2 2 1 1 1 1 1 2 
56 56 38 24 24 17 14 14 14 14 11 11 11 9 7 7 7 7 10 12 12 15 36 36 43 43 52 63 63 45 29 29 15 15 9 5 5 4 2 2 1 1 2 3 3 4 
53 53 37 27 27 26 21 21 21 21 18 12 12 13 10 10 7 7 9 9 9 10 12 12 18 18 19 19 19 18 16 16 14 14 12 12 12 6 3 3 2 2 2 3 3 3 
53 53 37 27 27 26 21 21 21 21 18 12 12 13 10 10 7 7 9 9 9 10 12 12 18 18 19 19 19 18 16 16 14 14 12 12 12 6 3 3 2 2 2 3 3 3 
97 97 78 74 74 54 35 35 26 26 17 15 15 13 9 9 10 10 9 9 9 9 11 11 14 14 13 13 13 15 15 15 12 12 9 7 7 5 4 4 5 5 3 3 3 3 
97 97 78 74 74 54 35 35 26 26 17 15 15 13 9 9 10 10 9 9 9 9 11 11 14 14 13 13 13 15 15 15 12 12 9 7 7 5 4 4 5 5 3 3 3 3 
119 119 95 87 87 60 46 46 42 42 23 16 16 12 11 11 9 9 11 9 9 9 13 13 14 14 13 12 12 10 9 9 7 7 9 9 9 10 2 2 5 5 4 2 2 2 
191 191 154 151 151 145 126 126 88 88 76 33 33 23 16 16 14 14 12 12 12 10 11 11 15 15 11 11 11 11 11 11 6 6 7 6 6 10 8 8 11 11 11 11 11 11 
191 191 154 151 151 145 126 126 88 88 76 33 33 23 16 16 14 14 12 12 12 10 11 11 15 15 11 11 11 11 11 11 6 6 7 6 6 10 8 8 11 11 11 11 11 11 
191 191 200 225 225 158 153 153 113 113 94 53 53 34 21 21 12 12 12 14 14 15 12 12 10 10 16 13 13 11 10 10 8 8 11 12 12 16 18 18 17 17 24 17 17 16 
200 200 158 203 203 189 198 198 173 173 141 118 118 100 76 76 61 61 33 26 26 22 18 18 14 14 19 20 20 23 22 22 13 13 16 16 16 19 24 24 24 24 31 41 41 44 
200 200 158 203 203 189 198 198 173 173 141 118 118 100 76 76 61 61 33 26 26 22 18 18 14 14 19 20 20 23 22 22 13 13 16 16 16 19 24 24 24 24 31 41 41 44 
187 187 194 186 186 222 217 217 194 194 165 127 127 107 78 78 60 60 48 28 28 23 22 22 28 28 23 38 38 41 28 28 22 22 21 20 20 28 33 33 27 27 35 44 44 45 
187 187 194 186 186 222 217 217 194 194 165 127 127 107 78 78 60 60 48 28 28 23 22 22 28 28 23 38 38 41 28 28 22 22 21 20 20 28 33 33 27 27 35 44 44 45 
145 145 177 171 171 205 190 190 183 183 150 134 134 112 92 92 76 76 33 24 24 21 20 20 23 23 31 57 57 45 34 34 29 29 19 26 26 29 28 28 36 36 51 60 60 55 
177 177 166 153 153 159 150 150 143 143 136 102 102 98 76 76 28 28 18 13 13 12 17 17 36 36 38 51 51 73 46 46 28 28 32 26 26 26 25 25 35 35 38 75 75 65 
177 177 166 153 153 159 150 150 143 143 136 102 102 98 76 76 28 28 18 13 13 12 17 17 36 36 38 51 51 73 46 46 28 28 32 26 26 26 25 25 35 35 38 75 75 65 
156 156 154 139 139 141 117 117 143 143 130 101 101 103 75 75 34 34 25 15 15 18 17 17 30 30 46 56 56 96 40 40 41 41 39 27 27 28 26 26 33 33 33 46 46 74 
178 178 156 150 150 153 141 141 136 136 130 128 128 112 92 92 66 66 45 28 28 18 19 19 20 20 34 41 41 64 61 61 62 62 42 32 32 29 29 29 29 29 47 49 49 60 
178 178 156 150 150 153 141 141 136 136 130 128 128 112 92 92 66 66 45 28 28 18 19 19 20 20 34 41 41 64 61 61 62 62 42 32 32 29 29 29 29 29 47 49 49 60 
197 197 174 160 160 157 147 147 118 118 108 134 134 102 82 82 65 65 48 36 36 20 16 16 11 11 12 14 14 25 35 35 106 106 58 39 39 35 33 33 26 26 33 38 38 44 
197 197 174 160 160 157 147 147 118 118 108 134 134 102 82 82 65 65 48 36 36 20 16 16 11 11 12 14 14 25 35 35 106 106 58 39 39 35 33 33 26 26 33 38 38 44 
177 177 166 145 145 137 135 135 112 112 87 92 92 89 71 71 54 54 43 26 26 15 9 9 11 11 12 12 12 12 21 21 41 41 55 56 56 41 30 30 25 25 23 26 26 36 
187 187 177 165 165 146 126 126 98 98 75 60 60 45 33 33 25 25 21 16 16 13 10 10 9 9 7 10 10 7 7 7 10 10 19 39 39 30 23 23 23 23 25 17 17 19 
187 187 177 165 165 146 126 126 98 98 75 60 60 45 33 33 25 25 21 16 16 13 10 10 9 9 7 10 10 7 7 7 10 10 19 39 39 30 23 23 23 23 25 17 17 19 
132 132 112 108 108 110 112 112 105 105 82 66 66 59 47 47 37 37 27 20 20 16 11 11 8 8 6 5 5 6 5 5 8 8 11 11 11 20 18 18 18 18 18 13 13 15 
82 82 94 99 99 103 124 124 115 115 88 71 71 61 54 54 41 41 35 25 25 18 13 13 8 8 4 3 3 3 2 2 4 4 3 4 4 4 4 4 16 16 16 10 10 12 
