assets/RAT_results_old/precipitation/2024-10-06_IMERG.asc
ncols        46
nrows        77
xllcorner    74.800261325624
yllcorner    8.058333333333
cellsize     0.062500000000
NODATA_value -9999
31 31 34 39 39 34 40 40 23 23 20 21 21 26 23 23 16 16 11 11 11 11 8 8 5 5 3 1 1 0 0 0 0 0 0 0 0 0 0 0 0 0 0 0 0 0 
43 43 35 41 41 33 36 36 33 33 22 20 20 18 14 14 15 15 11 10 10 13 13 13 10 10 4 0 0 0 0 0 0 0 0 0 0 0 0 0 0 0 0 0 0 0 
43 43 35 41 41 33 36 36 33 33 22 20 20 18 14 14 15 15 11 10 10 13 13 13 10 10 4 0 0 0 0 0 0 0 0 0 0 0 0 0 0 0 0 0 0 0 
44 44 62 37 37 36 31 31 30 30 19 16 16 12 13 13 15 15 10 7 7 12 19 19 13 13 12 7 7 0 0 0 0 0 0 0 0 0 0 0 0 0 0 0 0 0 
42 42 37 39 39 40 32 32 29 29 18 10 10 10 9 9 12 12 11 20 20 20 21 21 14 14 12 6 6 0 0 0 0 0 0 0 0 0 0 0 0 0 0 0 0 0 
42 42 37 39 39 40 32 32 29 29 18 10 10 10 9 9 12 12 11 20 20 20 21 21 14 14 12 6 6 0 0 0 0 0 0 0 0 0 0 0 0 0 0 0 0 0 
33 33 49 35 35 35 30 30 31 31 25 14 14 14 13 13 13 13 12 16 16 17 18 18 10 10 6 3 3 0 0 0 0 0 0 0 0 0 0 0 0 0 0 0 0 0 
33 33 49 35 35 35 30 30 31 31 25 14 14 14 13 13 13 13 12 16 16 17 18 18 10 10 6 3 3 0 0 0 0 0 0 0 0 0 0 0 0 0 0 0 0 0 
27 27 32 25 25 25 28 28 29 29 21 19 19 14 15 15 11 11 9 7 7 13 15 15 6 6 2 2 2 0 0 0 0 0 0 0 0 0 0 0 0 0 0 0 0 0 
29 29 21 24 24 25 34 34 32 32 27 25 25 21 14 14 12 12 6 5 5 12 6 6 1 1 0 0 0 0 0 0 0 0 0 0 0 0 0 0 0 0 0 0 0 1 
29 29 21 24 24 25 34 34 32 32 27 25 25 21 14 14 12 12 6 5 5 12 6 6 1 1 0 0 0 0 0 0 0 0 0 0 0 0 0 0 0 0 0 0 0 1 
19 19 27 32 32 25 31 31 29 29 27 22 22 19 9 9 3 3 7 8 8 6 5 5 1 1 0 0 0 0 0 0 0 0 0 0 0 0 0 0 0 0 1 1 1 1 
14 14 16 21 21 26 28 28 33 33 37 36 36 28 19 19 13 13 18 28 28 19 10 10 3 3 1 0 0 0 0 0 0 0 0 0 0 0 0 0 0 0 0 0 0 1 
14 14 16 21 21 26 28 28 33 33 37 36 36 28 19 19 13 13 18 28 28 19 10 10 3 3 1 0 0 0 0 0 0 0 0 0 0 0 0 0 0 0 0 0 0 1 
12 12 15 19 19 21 26 26 25 25 29 43 43 27 21 21 15 15 13 14 14 15 11 11 3 3 2 3 3 2 2 2 1 1 0 0 0 0 0 0 0 0 0 1 1 1 
12 12 15 19 19 21 26 26 25 25 29 43 43 27 21 21 15 15 13 14 14 15 11 11 3 3 2 3 3 2 2 2 1 1 0 0 0 0 0 0 0 0 0 1 1 1 
10 10 14 13 13 20 31 31 25 25 27 32 32 29 23 23 26 26 27 18 18 16 11 11 5 5 7 5 5 6 6 6 4 4 0 0 0 0 0 0 0 0 0 0 0 1 
10 10 12 18 18 21 24 24 31 31 26 32 32 33 37 37 48 48 42 36 36 33 23 23 7 7 5 2 2 1 2 2 4 4 1 0 0 0 0 0 0 0 0 0 0 0 
10 10 12 18 18 21 24 24 31 31 26 32 32 33 37 37 48 48 42 36 36 33 23 23 7 7 5 2 2 1 2 2 4 4 1 0 0 0 0 0 0 0 0 0 0 0 
10 10 12 13 13 13 14 14 17 17 18 18 18 37 42 42 53 53 52 69 69 42 41 41 19 19 8 3 3 0 1 1 0 0 0 0 0 0 0 0 0 0 0 0 0 1 
15 15 16 15 15 15 13 13 15 15 15 20 20 48 55 55 50 50 55 70 70 55 55 55 32 32 20 4 4 3 1 1 0 0 0 0 0 0 0 0 1 1 1 0 0 0 
15 15 16 15 15 15 13 13 15 15 15 20 20 48 55 55 50 50 55 70 70 55 55 55 32 32 20 4 4 3 1 1 0 0 0 0 0 0 0 0 1 1 1 0 0 0 
22 22 26 21 21 20 20 20 14 14 13 19 19 32 54 54 42 42 48 67 67 54 58 58 33 33 17 6 6 4 4 4 2 2 4 1 1 1 1 1 1 1 1 1 1 1 
22 22 26 21 21 20 20 20 14 14 13 19 19 32 54 54 42 42 48 67 67 54 58 58 33 33 17 6 6 4 4 4 2 2 4 1 1 1 1 1 1 1 1 1 1 1 
27 27 25 23 23 23 20 20 13 13 12 14 14 24 33 33 40 40 46 51 51 37 37 37 23 23 17 14 14 8 22 22 24 24 17 15 15 1 0 0 1 1 0 0 0 0 
20 20 20 24 24 43 46 46 39 39 26 20 20 28 34 34 31 31 28 26 26 35 27 27 20 20 14 24 24 18 40 40 36 36 24 28 28 2 1 1 0 0 0 0 0 0 
20 20 20 24 24 43 46 46 39 39 26 20 20 28 34 34 31 31 28 26 26 35 27 27 20 20 14 24 24 18 40 40 36 36 24 28 28 2 1 1 0 0 0 0 0 0 
25 25 23 24 24 31 34 34 40 40 84 79 79 29 33 33 29 29 43 43 43 47 37 37 26 26 23 24 24 40 39 39 70 70 43 36 36 6 2 2 0 0 4 0 0 0 
20 20 26 54 54 54 64 64 60 60 64 81 81 38 38 38 35 35 36 36 36 29 31 31 27 27 28 32 32 37 31 31 30 30 26 18 18 12 9 9 6 6 4 0 0 0 
20 20 26 54 54 54 64 64 60 60 64 81 81 38 38 38 35 35 36 36 36 29 31 31 27 27 28 32 32 37 31 31 30 30 26 18 18 12 9 9 6 6 4 0 0 0 
18 18 29 54 54 56 42 42 45 45 57 87 87 88 76 76 34 34 33 30 30 28 53 53 61 61 50 46 46 27 34 34 37 37 31 29 29 19 30 30 30 30 23 6 6 5 
18 18 29 54 54 56 42 42 45 45 57 87 87 88 76 76 34 34 33 30 30 28 53 53 61 61 50 46 46 27 34 34 37 37 31 29 29 19 30 30 30 30 23 6 6 5 
13 13 68 62 62 73 44 44 48 48 55 83 83 42 76 76 38 38 37 35 35 38 47 47 56 56 66 52 52 40 30 30 28 28 21 29 29 24 31 31 30 30 28 11 11 13 
11 11 62 33 33 40 14 14 19 19 23 31 31 47 85 85 82 82 46 37 37 36 30 30 35 35 43 47 47 50 30 30 26 26 20 21 21 19 25 25 25 25 33 29 29 14 
11 11 62 33 33 40 14 14 19 19 23 31 31 47 85 85 82 82 46 37 37 36 30 30 35 35 43 47 47 50 30 30 26 26 20 21 21 19 25 25 25 25 33 29 29 14 
18 18 10 36 36 45 47 47 21 21 28 29 29 65 82 82 72 72 57 40 40 43 26 26 30 30 45 49 49 35 25 25 20 20 13 14 14 14 19 19 15 15 29 25 25 16 
38 38 29 16 16 17 22 22 28 28 34 42 42 74 40 40 28 28 44 50 50 35 21 21 27 27 42 40 40 23 10 10 10 10 7 3 3 3 16 16 13 13 30 25 25 16 
38 38 29 16 16 17 22 22 28 28 34 42 42 74 40 40 28 28 44 50 50 35 21 21 27 27 42 40 40 23 10 10 10 10 7 3 3 3 16 16 13 13 30 25 25 16 
44 44 55 44 44 35 40 40 40 40 40 43 43 42 35 35 29 29 47 48 48 29 18 18 25 25 23 19 19 10 12 12 17 17 10 7 7 13 12 12 10 10 12 10 10 9 
44 44 55 44 44 35 40 40 40 40 40 43 43 42 35 35 29 29 47 48 48 29 18 18 25 25 23 19 19 10 12 12 17 17 10 7 7 13 12 12 10 10 12 10 10 9 
44 44 55 67 67 61 49 49 45 45 47 53 53 29 22 22 21 21 29 33 33 30 21 21 18 18 15 22 22 24 30 30 13 13 11 18 18 19 20 20 17 17 8 5 5 6 
36 36 45 59 59 76 64 64 42 42 60 44 44 33 9 9 16 16 29 34 34 36 25 25 24 24 17 20 20 22 24 24 10 10 13 17 17 23 21 21 16 16 17 13 13 13 
36 36 45 59 59 76 64 64 42 42 60 44 44 33 9 9 16 16 29 34 34 36 25 25 24 24 17 20 20 22 24 24 10 10 13 17 17 23 21 21 16 16 17 13 13 13 
24 24 20 30 30 54 80 80 49 49 61 33 33 25 10 10 9 9 20 25 25 32 35 35 17 17 18 25 25 24 32 32 16 16 14 15 15 18 12 12 15 15 16 11 11 11 
14 14 15 23 23 47 93 93 59 59 56 43 43 44 39 39 36 36 61 20 20 29 33 33 32 32 34 35 35 25 24 24 16 16 11 10 10 9 9 9 8 8 12 8 8 8 
14 14 15 23 23 47 93 93 59 59 56 43 43 44 39 39 36 36 61 20 20 29 33 33 32 32 34 35 35 25 24 24 16 16 11 10 10 9 9 9 8 8 12 8 8 8 
20 20 18 22 22 33 60 60 65 65 58 33 33 44 39 39 34 34 59 44 44 21 26 26 34 34 39 36 36 27 26 26 20 20 11 7 7 10 8 8 5 5 9 7 7 6 
20 20 18 22 22 33 60 60 65 65 58 33 33 44 39 39 34 34 59 44 44 21 26 26 34 34 39 36 36 27 26 26 20 20 11 7 7 10 8 8 5 5 9 7 7 6 
7 7 11 17 17 30 42 42 65 65 41 36 36 16 13 13 17 17 34 41 41 24 13 13 30 30 38 41 41 35 20 20 17 17 12 10 10 9 8 8 6 6 6 7 7 9 
8 8 11 16 16 22 33 33 45 45 34 34 34 16 13 13 12 12 14 20 20 21 18 18 22 22 20 21 21 22 16 16 14 14 10 9 9 7 6 6 6 6 6 9 9 13 
8 8 11 16 16 22 33 33 45 45 34 34 34 16 13 13 12 12 14 20 20 21 18 18 22 22 20 21 21 22 16 16 14 14 10 9 9 7 6 6 6 6 6 9 9 13 
8 8 8 9 9 16 15 15 14 14 11 86 86 75 84 84 15 15 16 28 28 24 16 16 21 21 13 12 12 15 14 14 13 13 10 8 8 10 10 10 5 5 5 6 6 6 
4 4 7 11 11 17 14 14 12 12 9 72 72 25 19 19 25 25 30 37 37 26 13 13 20 20 17 9 9 6 12 12 12 12 11 6 6 7 14 14 16 16 14 5 5 3 
4 4 7 11 11 17 14 14 12 12 9 72 72 25 19 19 25 25 30 37 37 26 13 13 20 20 17 9 9 6 12 12 12 12 11 6 6 7 14 14 16 16 14 5 5 3 
5 5 7 7 7 10 10 10 10 10 11 28 28 36 51 51 28 28 62 71 71 26 14 14 29 29 18 11 11 6 4 4 4 4 6 5 5 4 14 14 17 17 19 4 4 1 
5 5 7 7 7 10 10 10 10 10 11 28 28 36 51 51 28 28 62 71 71 26 14 14 29 29 18 11 11 6 4 4 4 4 6 5 5 4 14 14 17 17 19 4 4 1 
5 5 6 6 6 9 9 9 9 9 12 24 24 35 52 52 54 54 103 139 139 44 29 29 50 50 18 19 19 14 12 12 3 3 5 5 5 3 7 7 13 13 14 1 1 1 
8 8 7 6 6 8 9 9 9 9 9 14 14 17 30 30 35 35 96 158 158 70 50 50 37 37 17 22 22 19 41 41 30 30 6 3 3 3 4 4 2 2 4 1 1 1 
8 8 7 6 6 8 9 9 9 9 9 14 14 17 30 30 35 35 96 158 158 70 50 50 37 37 17 22 22 19 41 41 30 30 6 3 3 3 4 4 2 2 4 1 1 1 
8 8 7 5 5 5 6 6 7 7 5 5 5 11 22 22 24 24 69 107 107 96 77 77 36 36 45 28 28 29 39 39 40 40 11 3 3 2 3 3 2 2 5 1 1 0 
6 6 6 6 6 5 6 6 6 6 5 4 4 8 9 9 11 11 23 29 29 83 76 76 66 66 42 26 26 35 45 45 53 53 19 8 8 3 3 3 3 3 4 7 7 1 
6 6 6 6 6 5 6 6 6 6 5 4 4 8 9 9 11 11 23 29 29 83 76 76 66 66 42 26 26 35 45 45 53 53 19 8 8 3 3 3 3 3 4 7 7 1 
6 6 5 6 6 7 6 6 5 5 4 4 4 4 6 6 11 11 20 39 39 47 64 64 55 55 56 40 40 50 64 64 37 37 13 7 7 3 5 5 2 2 2 2 2 2 
6 6 5 6 6 7 6 6 5 5 4 4 4 4 6 6 11 11 20 39 39 47 64 64 55 55 56 40 40 50 64 64 37 37 13 7 7 3 5 5 2 2 2 2 2 2 
6 6 6 7 7 9 12 12 11 11 11 8 8 8 8 8 14 14 13 20 20 28 32 32 49 49 51 22 22 32 23 23 20 20 8 3 3 2 2 2 1 1 1 1 1 2 
6 6 9 11 11 16 13 13 13 13 14 13 13 19 18 18 18 18 14 17 17 24 29 29 41 41 47 46 46 64 32 32 22 22 16 11 11 6 3 3 2 2 2 3 3 3 
6 6 9 11 11 16 13 13 13 13 14 13 13 19 18 18 18 18 14 17 17 24 29 29 41 41 47 46 46 64 32 32 22 22 16 11 11 6 3 3 2 2 2 3 3 3 
6 6 6 9 9 17 19 19 17 17 20 24 24 30 30 30 27 27 20 22 22 17 24 24 30 30 48 42 42 68 33 33 23 23 11 12 12 4 4 4 4 4 5 6 6 6 
7 7 7 10 10 18 20 20 18 18 19 25 25 29 31 31 28 28 21 20 20 12 15 15 30 30 28 30 30 39 50 50 42 42 23 19 19 8 10 10 9 9 11 10 10 6 
7 7 7 10 10 18 20 20 18 18 19 25 25 29 31 31 28 28 21 20 20 12 15 15 30 30 28 30 30 39 50 50 42 42 23 19 19 8 10 10 9 9 11 10 10 6 
9 9 8 8 8 10 17 17 20 20 23 32 32 33 29 29 25 25 29 24 24 15 12 12 14 14 13 12 12 32 37 37 33 33 39 24 24 11 15 15 13 13 11 11 11 8 
9 9 8 8 8 10 17 17 20 20 23 32 32 33 29 29 25 25 29 24 24 15 12 12 14 14 13 12 12 32 37 37 33 33 39 24 24 11 15 15 13 13 11 11 11 8 
12 12 13 18 18 19 29 29 33 33 39 39 39 33 25 25 21 21 22 16 16 15 16 16 8 8 5 9 9 11 15 15 25 25 25 23 23 16 19 19 17 17 8 12 12 11 
19 19 16 22 22 28 57 57 58 58 63 56 56 49 32 32 23 23 19 18 18 17 17 17 7 7 4 4 4 6 21 21 19 19 19 25 25 21 17 17 10 10 8 11 11 17 
19 19 16 22 22 28 57 57 58 58 63 56 56 49 32 32 23 23 19 18 18 17 17 17 7 7 4 4 4 6 21 21 19 19 19 25 25 21 17 17 10 10 8 11 11 17 
22 22 22 29 29 37 63 63 59 59 66 65 65 68 49 49 39 39 27 24 24 29 37 37 14 14 9 9 9 6 7 7 10 10 11 16 16 16 28 28 9 9 3 2 2 1 
29 29 33 38 38 44 61 61 83 83 92 89 89 85 77 77 58 58 47 39 39 39 49 49 27 27 11 11 11 11 5 5 4 4 7 9 9 4 4 4 1 1 3 1 1 1 
