assets/RAT_results_old/precipitation/2024-10-11_IMERG.asc
ncols        46
nrows        77
xllcorner    74.800261325624
yllcorner    8.058333333333
cellsize     0.062500000000
NODATA_value -9999
14 14 11 8 8 5 4 4 7 7 5 8 8 11 19 19 27 27 39 33 33 51 27 27 20 20 23 19 19 16 10 10 5 5 2 1 1 0 1 1 2 2 2 2 2 1 
16 16 11 9 9 6 5 5 7 7 5 7 7 8 11 11 14 14 21 25 25 20 21 21 15 15 17 16 16 17 12 12 7 7 5 2 2 1 1 1 1 1 3 3 3 3 
16 16 11 9 9 6 5 5 7 7 5 7 7 8 11 11 14 14 21 25 25 20 21 21 15 15 17 16 16 17 12 12 7 7 5 2 2 1 1 1 1 1 3 3 3 3 
17 17 15 11 11 11 6 6 4 4 3 4 4 6 8 8 13 13 21 18 18 15 13 13 12 12 12 13 13 15 15 15 11 11 7 6 6 2 2 2 1 1 2 4 4 4 
24 24 16 14 14 13 17 17 14 14 4 3 3 5 6 6 9 9 17 14 14 11 11 11 12 12 10 12 12 13 15 15 13 13 12 7 7 5 2 2 2 2 2 3 3 4 
24 24 16 14 14 13 17 17 14 14 4 3 3 5 6 6 9 9 17 14 14 11 11 11 12 12 10 12 12 13 15 15 13 13 12 7 7 5 2 2 2 2 2 3 3 4 
22 22 20 9 9 12 18 18 15 15 2 1 1 3 3 3 5 5 14 11 11 9 7 7 12 12 8 6 6 7 11 11 14 14 16 10 10 7 6 6 3 3 4 2 2 3 
22 22 20 9 9 12 18 18 15 15 2 1 1 3 3 3 5 5 14 11 11 9 7 7 12 12 8 6 6 7 11 11 14 14 16 10 10 7 6 6 3 3 4 2 2 3 
18 18 16 9 9 9 8 8 3 3 2 0 0 1 1 1 3 3 11 10 10 7 8 8 12 12 8 3 3 6 8 8 13 13 19 18 18 10 7 7 7 7 4 5 5 6 
17 17 12 11 11 10 16 16 15 15 4 2 2 1 1 1 1 1 6 7 7 9 6 6 11 11 6 5 5 5 5 5 12 12 14 13 13 14 13 13 10 10 8 9 9 6 
17 17 12 11 11 10 16 16 15 15 4 2 2 1 1 1 1 1 6 7 7 9 6 6 11 11 6 5 5 5 5 5 12 12 14 13 13 14 13 13 10 10 8 9 9 6 
19 19 14 26 26 19 17 17 16 16 14 3 3 3 1 1 1 1 2 5 5 9 10 10 10 10 10 7 7 9 7 7 14 14 14 15 15 14 20 20 13 13 9 11 11 11 
30 30 20 20 20 23 19 19 12 12 8 5 5 2 1 1 1 1 1 3 3 7 10 10 9 9 8 7 7 8 10 10 16 16 18 14 14 17 19 19 19 19 11 13 13 12 
30 30 20 20 20 23 19 19 12 12 8 5 5 2 1 1 1 1 1 3 3 7 10 10 9 9 8 7 7 8 10 10 16 16 18 14 14 17 19 19 19 19 11 13 13 12 
35 35 35 28 28 23 20 20 20 20 21 8 8 3 1 1 1 1 1 2 2 4 5 5 9 9 7 5 5 9 17 17 22 22 20 17 17 18 26 26 23 23 14 9 9 5 
35 35 35 28 28 23 20 20 20 20 21 8 8 3 1 1 1 1 1 2 2 4 5 5 9 9 7 5 5 9 17 17 22 22 20 17 17 18 26 26 23 23 14 9 9 5 
45 45 47 43 43 39 31 31 31 31 27 16 16 11 2 2 1 1 1 2 2 2 2 2 6 6 6 5 5 8 16 16 24 24 22 20 20 20 23 23 26 26 19 10 10 4 
50 50 54 56 56 62 52 52 40 40 34 39 39 21 5 5 2 2 1 2 2 3 4 4 6 6 7 5 5 5 13 13 18 18 21 22 22 21 23 23 23 23 27 14 14 4 
50 50 54 56 56 62 52 52 40 40 34 39 39 21 5 5 2 2 1 2 2 3 4 4 6 6 7 5 5 5 13 13 18 18 21 22 22 21 23 23 23 23 27 14 14 4 
57 57 58 62 62 79 64 64 44 44 40 30 30 24 8 8 4 4 1 1 1 1 2 2 7 7 8 4 4 5 9 9 15 15 17 20 20 19 17 17 20 20 19 19 19 10 
57 57 71 72 72 83 66 66 48 48 37 24 24 21 16 16 8 8 4 3 3 1 2 2 4 4 5 6 6 3 6 6 8 8 12 13 13 15 18 18 18 18 20 16 16 13 
57 57 71 72 72 83 66 66 48 48 37 24 24 21 16 16 8 8 4 3 3 1 2 2 4 4 5 6 6 3 6 6 8 8 12 13 13 15 18 18 18 18 20 16 16 13 
53 53 63 77 77 74 73 73 68 68 53 46 46 23 22 22 11 11 6 5 5 7 6 6 2 2 4 5 5 6 5 5 7 7 7 10 10 10 12 12 13 13 18 16 16 16 
53 53 63 77 77 74 73 73 68 68 53 46 46 23 22 22 11 11 6 5 5 7 6 6 2 2 4 5 5 6 5 5 7 7 7 10 10 10 12 12 13 13 18 16 16 16 
50 50 52 65 65 68 67 67 74 74 66 45 45 29 24 24 21 21 16 15 15 11 11 11 6 6 7 8 8 7 8 8 9 9 9 7 7 10 12 12 12 12 16 15 15 16 
45 45 52 58 58 62 64 64 62 62 59 58 58 37 30 30 25 25 17 18 18 19 19 19 24 24 16 12 12 13 14 14 13 13 8 7 7 8 9 9 11 11 13 15 15 18 
45 45 52 58 58 62 64 64 62 62 59 58 58 37 30 30 25 25 17 18 18 19 19 19 24 24 16 12 12 13 14 14 13 13 8 7 7 8 9 9 11 11 13 15 15 18 
42 42 47 67 67 69 66 66 57 57 50 38 38 33 32 32 30 30 26 24 24 27 24 24 30 30 41 24 24 18 19 19 20 20 13 9 9 8 10 10 13 13 13 10 10 8 
49 49 46 50 50 66 72 72 65 65 48 30 30 23 27 27 29 29 27 19 19 24 21 21 31 31 63 50 50 39 37 37 33 33 22 17 17 11 7 7 8 8 11 8 8 8 
49 49 46 50 50 66 72 72 65 65 48 30 30 23 27 27 29 29 27 19 19 24 21 21 31 31 63 50 50 39 37 37 33 33 22 17 17 11 7 7 8 8 11 8 8 8 
42 42 47 50 50 56 63 63 76 76 61 47 47 33 23 23 22 22 17 20 20 19 15 15 24 24 39 44 44 45 47 47 45 45 41 39 39 20 11 11 9 9 6 7 7 9 
42 42 47 50 50 56 63 63 76 76 61 47 47 33 23 23 22 22 17 20 20 19 15 15 24 24 39 44 44 45 47 47 45 45 41 39 39 20 11 11 9 9 6 7 7 9 
34 34 35 42 42 50 55 55 61 61 66 59 59 39 25 25 21 21 17 17 17 20 19 19 22 22 28 37 37 37 45 45 45 45 43 42 42 25 16 16 11 11 7 9 9 18 
30 30 31 36 36 48 60 60 61 61 53 62 62 50 30 30 22 22 21 22 22 32 26 26 28 28 26 27 27 31 34 34 37 37 38 35 35 29 21 21 13 13 10 7 7 20 
30 30 31 36 36 48 60 60 61 61 53 62 62 50 30 30 22 22 21 22 22 32 26 26 28 28 26 27 27 31 34 34 37 37 38 35 35 29 21 21 13 13 10 7 7 20 
27 27 31 36 36 48 68 68 71 71 56 45 45 47 41 41 26 26 24 24 24 35 44 44 48 48 45 45 45 33 26 26 24 24 23 23 23 26 19 19 13 13 10 8 8 36 
28 28 35 38 38 49 64 64 73 73 59 52 52 42 31 31 27 27 22 25 25 41 48 48 46 46 41 42 42 32 24 24 18 18 23 27 27 23 20 20 14 14 11 8 8 10 
28 28 35 38 38 49 64 64 73 73 59 52 52 42 31 31 27 27 22 25 25 41 48 48 46 46 41 42 42 32 24 24 18 18 23 27 27 23 20 20 14 14 11 8 8 10 
33 33 38 38 38 44 58 58 68 68 58 54 54 45 32 32 26 26 31 34 34 50 58 58 51 51 59 71 71 42 29 29 22 22 21 28 28 19 15 15 16 16 11 8 8 9 
33 33 38 38 38 44 58 58 68 68 58 54 54 45 32 32 26 26 31 34 34 50 58 58 51 51 59 71 71 42 29 29 22 22 21 28 28 19 15 15 16 16 11 8 8 9 
32 32 33 34 34 41 43 43 54 54 63 66 66 54 41 41 32 32 27 34 34 45 52 52 49 49 42 42 42 38 35 35 33 33 23 24 24 23 16 16 14 14 14 9 9 10 
21 21 31 30 30 37 44 44 51 51 57 68 68 58 51 51 36 36 36 40 40 39 41 41 35 35 39 36 36 36 39 39 39 39 33 30 30 20 19 19 17 17 14 8 8 9 
21 21 31 30 30 37 44 44 51 51 57 68 68 58 51 51 36 36 36 40 40 39 41 41 35 35 39 36 36 36 39 39 39 39 33 30 30 20 19 19 17 17 14 8 8 9 
21 21 27 29 29 33 40 40 47 47 47 53 53 56 53 53 42 42 37 38 38 32 32 32 32 32 35 30 30 31 34 34 33 33 30 20 20 14 12 12 13 13 13 7 7 6 
21 21 24 27 27 30 35 35 42 42 41 45 45 49 51 51 40 40 39 34 34 37 29 29 34 34 35 27 27 26 27 27 26 26 26 18 18 11 8 8 9 9 10 7 7 6 
21 21 24 27 27 30 35 35 42 42 41 45 45 49 51 51 40 40 39 34 34 37 29 29 34 34 35 27 27 26 27 27 26 26 26 18 18 11 8 8 9 9 10 7 7 6 
28 28 25 24 24 26 29 29 40 40 44 43 43 41 43 43 44 44 36 35 35 26 35 35 38 38 37 27 27 23 21 21 21 21 24 19 19 15 10 10 14 14 18 17 17 19 
28 28 25 24 24 26 29 29 40 40 44 43 43 41 43 43 44 44 36 35 35 26 35 35 38 38 37 27 27 23 21 21 21 21 24 19 19 15 10 10 14 14 18 17 17 19 
26 26 24 22 22 27 28 28 31 31 37 42 42 38 41 41 43 43 49 36 36 29 29 29 34 34 40 48 48 29 24 24 26 26 19 16 16 18 14 14 19 19 25 19 19 21 
25 25 25 26 26 30 32 32 34 34 39 47 47 46 41 41 42 42 48 41 41 30 27 27 26 26 39 50 50 39 38 38 25 25 18 15 15 16 14 14 19 19 26 16 16 18 
25 25 25 26 26 30 32 32 34 34 39 47 47 46 41 41 42 42 48 41 41 30 27 27 26 26 39 50 50 39 38 38 25 25 18 15 15 16 14 14 19 19 26 16 16 18 
22 22 23 26 26 33 33 33 35 35 39 45 45 50 47 47 37 37 43 41 41 72 38 38 27 27 30 38 38 33 34 34 19 19 19 14 14 13 17 17 21 21 12 11 11 7 
34 34 31 28 28 30 31 31 34 34 37 37 37 41 46 46 43 43 54 36 36 62 35 35 28 28 24 30 30 22 20 20 19 19 19 12 12 12 21 21 11 11 9 9 9 3 
34 34 31 28 28 30 31 31 34 34 37 37 37 41 46 46 43 43 54 36 36 62 35 35 28 28 24 30 30 22 20 20 19 19 19 12 12 12 21 21 11 11 9 9 9 3 
63 63 46 25 25 27 29 29 33 33 35 36 36 37 43 43 42 42 49 37 37 31 31 31 28 28 27 26 26 20 15 15 14 14 12 10 10 11 17 17 9 9 5 4 4 2 
63 63 46 25 25 27 29 29 33 33 35 36 36 37 43 43 42 42 49 37 37 31 31 31 28 28 27 26 26 20 15 15 14 14 12 10 10 11 17 17 9 9 5 4 4 2 
76 76 80 46 46 24 30 30 33 33 33 33 33 37 40 40 49 49 48 36 36 31 26 26 26 26 23 26 26 19 16 16 11 11 10 8 8 8 11 11 9 9 8 4 4 4 
66 66 60 33 33 46 31 31 31 31 32 33 33 30 33 33 38 38 38 76 76 38 41 41 61 61 32 44 44 26 20 20 12 12 8 8 8 7 6 6 5 5 7 7 7 13 
66 66 60 33 33 46 31 31 31 31 32 33 33 30 33 33 38 38 38 76 76 38 41 41 61 61 32 44 44 26 20 20 12 12 8 8 8 7 6 6 5 5 7 7 7 13 
69 69 68 52 52 49 32 32 30 30 29 31 31 30 35 35 34 34 36 78 78 26 39 39 44 44 62 56 56 25 16 16 11 11 7 7 7 5 6 6 4 4 4 10 10 21 
77 77 67 102 102 72 72 72 71 71 29 32 32 34 32 32 25 25 26 27 27 26 32 32 43 43 53 42 42 26 17 17 13 13 8 7 7 4 3 3 2 2 1 8 8 7 
77 77 67 102 102 72 72 72 71 71 29 32 32 34 32 32 25 25 26 27 27 26 32 32 43 43 53 42 42 26 17 17 13 13 8 7 7 4 3 3 2 2 1 8 8 7 
94 94 93 115 115 80 86 86 74 74 32 33 33 34 34 34 27 27 27 27 27 28 32 32 37 37 34 30 30 31 27 27 22 22 14 10 10 6 6 6 4 4 3 1 1 3 
94 94 93 115 115 80 86 86 74 74 32 33 33 34 34 34 27 27 27 27 27 28 32 32 37 37 34 30 30 31 27 27 22 22 14 10 10 6 6 6 4 4 3 1 1 3 
92 92 80 89 89 93 88 88 83 83 39 44 44 39 39 39 37 37 31 27 27 30 37 37 39 39 34 35 35 31 27 27 24 24 20 12 12 7 7 7 5 5 4 1 1 1 
101 101 69 87 87 57 61 61 52 52 48 47 47 48 46 46 46 46 40 34 34 34 44 44 51 51 42 36 36 47 36 36 36 36 32 19 19 14 12 12 11 11 7 2 2 1 
101 101 69 87 87 57 61 61 52 52 48 47 47 48 46 46 46 46 40 34 34 34 44 44 51 51 42 36 36 47 36 36 36 36 32 19 19 14 12 12 11 11 7 2 2 1 
59 59 59 61 61 53 64 64 53 53 52 53 53 50 46 46 51 51 50 46 46 47 41 41 43 43 45 44 44 49 48 48 51 51 47 40 40 32 18 18 12 12 6 2 2 2 
64 64 50 51 51 46 49 49 56 56 53 58 58 58 54 54 58 58 56 67 67 62 54 54 53 53 58 49 49 47 57 57 60 60 55 49 49 43 18 18 10 10 10 6 6 4 
64 64 50 51 51 46 49 49 56 56 53 58 58 58 54 54 58 58 56 67 67 62 54 54 53 53 58 49 49 47 57 57 60 60 55 49 49 43 18 18 10 10 10 6 6 4 
53 53 49 49 49 46 49 49 61 61 67 71 71 77 79 79 83 83 87 95 95 94 82 82 57 57 64 58 58 51 43 43 75 75 70 62 62 48 29 29 18 18 15 13 13 8 
53 53 49 49 49 46 49 49 61 61 67 71 71 77 79 79 83 83 87 95 95 94 82 82 57 57 64 58 58 51 43 43 75 75 70 62 62 48 29 29 18 18 15 13 13 8 
58 58 44 43 43 48 51 51 73 73 81 83 83 95 96 96 109 109 104 137 137 113 106 106 85 85 88 62 62 56 54 54 48 48 78 65 65 62 39 39 28 28 19 14 14 8 
64 64 57 61 61 56 49 49 60 60 84 81 81 93 121 121 124 124 148 161 161 154 133 133 140 140 143 154 154 144 63 63 63 63 58 66 66 60 50 50 41 41 27 20 20 9 
64 64 57 61 61 56 49 49 60 60 84 81 81 93 121 121 124 124 148 161 161 154 133 133 140 140 143 154 154 144 63 63 63 63 58 66 66 60 50 50 41 41 27 20 20 9 
57 57 63 57 57 63 52 52 55 55 73 77 77 102 118 118 123 123 157 167 167 168 157 157 153 153 142 144 144 163 86 86 54 54 43 43 43 64 54 54 49 49 33 18 18 6 
59 59 66 61 61 64 63 63 64 64 57 72 72 88 110 110 118 118 147 147 147 142 154 154 141 141 147 126 126 151 129 129 49 49 44 71 71 40 26 26 35 35 33 14 14 5 
