assets/RAT_results_old/precipitation/2024-08-03_IMERG.asc
ncols        46
nrows        77
xllcorner    74.800261325624
yllcorner    8.058333333333
cellsize     0.062500000000
NODATA_value -9999
62 62 70 57 57 47 36 36 17 17 11 8 8 10 4 4 0 0 0 0 0 1 1 1 1 1 1 0 0 0 0 0 0 0 0 0 0 0 0 0 1 1 1 1 1 1 
40 40 45 35 35 36 28 28 18 18 8 6 6 7 3 3 2 2 1 1 1 1 1 1 1 1 0 1 1 1 1 1 1 1 0 0 0 0 0 0 0 0 0 0 0 0 
40 40 45 35 35 36 28 28 18 18 8 6 6 7 3 3 2 2 1 1 1 1 1 1 1 1 0 1 1 1 1 1 1 1 0 0 0 0 0 0 0 0 0 0 0 0 
56 56 41 22 22 21 18 18 12 12 9 10 10 10 5 5 5 5 3 2 2 1 1 1 1 1 0 0 0 0 0 0 1 1 1 0 0 0 1 1 0 0 0 0 0 0 
32 32 21 18 18 13 11 11 6 6 4 5 5 4 7 7 5 5 3 2 2 1 0 0 0 0 0 0 0 0 1 1 2 2 2 0 0 1 0 0 1 1 0 0 0 0 
32 32 21 18 18 13 11 11 6 6 4 5 5 4 7 7 5 5 3 2 2 1 0 0 0 0 0 0 0 0 1 1 2 2 2 0 0 1 0 0 1 1 0 0 0 0 
21 21 22 25 25 18 12 12 10 10 3 4 4 5 7 7 5 5 1 1 1 0 0 0 0 0 0 0 0 0 1 1 1 1 2 1 1 0 1 1 0 0 1 0 0 0 
21 21 22 25 25 18 12 12 10 10 3 4 4 5 7 7 5 5 1 1 1 0 0 0 0 0 0 0 0 0 1 1 1 1 2 1 1 0 1 1 0 0 1 0 0 0 
20 20 19 7 7 13 10 10 8 8 4 7 7 8 5 5 2 2 1 0 0 0 0 0 0 0 0 0 0 0 0 0 1 1 1 2 2 1 1 1 1 1 0 1 1 0 
4 4 3 8 8 12 10 10 10 10 7 9 9 10 4 4 2 2 0 0 0 0 0 0 0 0 0 0 0 0 1 1 1 1 1 1 1 1 0 0 0 0 1 0 0 0 
4 4 3 8 8 12 10 10 10 10 7 9 9 10 4 4 2 2 0 0 0 0 0 0 0 0 0 0 0 0 1 1 1 1 1 1 1 1 0 0 0 0 1 0 0 0 
2 2 2 4 4 10 8 8 7 7 4 6 6 8 4 4 0 0 0 0 0 0 0 0 0 0 0 0 0 0 0 0 1 1 1 1 1 1 1 1 1 1 1 1 1 1 
6 6 8 4 4 7 8 8 6 6 6 9 9 8 6 6 2 2 0 0 0 0 0 0 0 0 0 0 0 0 0 0 0 0 0 0 0 1 1 1 1 1 0 0 0 0 
6 6 8 4 4 7 8 8 6 6 6 9 9 8 6 6 2 2 0 0 0 0 0 0 0 0 0 0 0 0 0 0 0 0 0 0 0 1 1 1 1 1 0 0 0 0 
8 8 8 8 8 4 10 10 5 5 6 6 6 6 6 6 4 4 1 1 1 1 1 1 0 0 0 0 0 0 0 0 0 0 0 0 0 0 0 0 0 0 1 0 0 1 
8 8 8 8 8 4 10 10 5 5 6 6 6 6 6 6 4 4 1 1 1 1 1 1 0 0 0 0 0 0 0 0 0 0 0 0 0 0 0 0 0 0 1 0 0 1 
9 9 12 25 25 16 6 6 9 9 7 5 5 6 10 10 8 8 3 2 2 2 1 1 1 1 0 0 0 2 1 1 0 0 1 1 1 0 0 0 0 0 0 0 0 1 
11 11 9 24 24 12 11 11 8 8 8 5 5 6 8 8 4 4 2 0 0 1 4 4 2 2 0 0 0 0 0 0 1 1 1 2 2 0 1 1 1 1 0 1 1 1 
11 11 9 24 24 12 11 11 8 8 8 5 5 6 8 8 4 4 2 0 0 1 4 4 2 2 0 0 0 0 0 0 1 1 1 2 2 0 1 1 1 1 0 1 1 1 
17 17 17 17 17 12 11 11 13 13 12 12 12 5 6 6 3 3 1 0 0 1 3 3 2 2 1 0 0 0 0 0 0 0 1 1 1 2 2 2 2 2 1 1 1 1 
27 27 15 13 13 12 17 17 20 20 13 22 22 8 7 7 3 3 1 0 0 0 1 1 1 1 2 1 1 0 0 0 0 0 0 1 1 1 1 1 1 1 1 1 1 0 
27 27 15 13 13 12 17 17 20 20 13 22 22 8 7 7 3 3 1 0 0 0 1 1 1 1 2 1 1 0 0 0 0 0 0 1 1 1 1 1 1 1 1 1 1 0 
15 15 12 14 14 10 13 13 18 18 13 14 14 6 4 4 1 1 1 1 1 1 2 2 3 3 2 2 2 1 0 0 0 0 0 1 1 1 2 2 1 1 1 0 0 0 
15 15 12 14 14 10 13 13 18 18 13 14 14 6 4 4 1 1 1 1 1 1 2 2 3 3 2 2 2 1 0 0 0 0 0 1 1 1 2 2 1 1 1 0 0 0 
44 44 14 17 17 12 14 14 14 14 9 5 5 5 2 2 2 2 1 2 2 3 4 4 3 3 5 3 3 2 1 1 1 1 1 2 2 2 2 2 1 1 1 1 1 1 
54 54 39 33 33 16 13 13 14 14 11 6 6 3 3 3 3 3 2 3 3 5 5 5 4 4 5 4 4 3 3 3 2 2 2 3 3 2 1 1 2 2 1 1 1 1 
54 54 39 33 33 16 13 13 14 14 11 6 6 3 3 3 3 3 2 3 3 5 5 5 4 4 5 4 4 3 3 3 2 2 2 3 3 2 1 1 2 2 1 1 1 1 
67 67 64 58 58 25 14 14 13 13 10 6 6 4 3 3 3 3 3 3 3 2 2 2 2 2 2 2 2 3 3 3 3 3 3 3 3 1 0 0 1 1 1 1 1 0 
60 60 66 58 58 29 17 17 9 9 7 6 6 6 4 4 4 4 4 1 1 1 1 1 1 1 3 3 3 4 3 3 2 2 2 1 1 0 0 0 0 0 1 1 1 0 
60 60 66 58 58 29 17 17 9 9 7 6 6 6 4 4 4 4 4 1 1 1 1 1 1 1 3 3 3 4 3 3 2 2 2 1 1 0 0 0 0 0 1 1 1 0 
30 30 30 31 31 19 13 13 10 10 8 7 7 5 5 5 6 6 6 5 5 2 3 3 4 4 5 3 3 3 2 2 1 1 1 1 1 0 0 0 0 0 0 0 0 0 
30 30 30 31 31 19 13 13 10 10 8 7 7 5 5 5 6 6 6 5 5 2 3 3 4 4 5 3 3 3 2 2 1 1 1 1 1 0 0 0 0 0 0 0 0 0 
32 32 29 27 27 27 26 26 23 23 11 9 9 4 4 4 6 6 7 7 7 7 4 4 5 5 6 6 6 4 2 2 1 1 0 0 0 0 0 0 0 0 0 0 0 0 
44 44 26 23 23 23 22 22 20 20 12 8 8 5 3 3 5 5 6 9 9 8 9 9 7 7 5 4 4 3 1 1 1 1 0 0 0 0 0 0 0 0 0 0 0 0 
44 44 26 23 23 23 22 22 20 20 12 8 8 5 3 3 5 5 6 9 9 8 9 9 7 7 5 4 4 3 1 1 1 1 0 0 0 0 0 0 0 0 0 0 0 0 
51 51 44 22 22 18 18 18 12 12 10 10 10 6 4 4 1 1 5 4 4 6 6 6 4 4 2 1 1 1 2 2 2 2 1 0 0 0 0 0 0 0 0 0 0 1 
56 56 38 25 25 14 16 16 12 12 8 8 8 9 5 5 2 2 1 3 3 3 3 3 2 2 1 0 0 1 3 3 3 3 2 1 1 0 0 0 0 0 0 0 0 0 
56 56 38 25 25 14 16 16 12 12 8 8 8 9 5 5 2 2 1 3 3 3 3 3 2 2 1 0 0 1 3 3 3 3 2 1 1 0 0 0 0 0 0 0 0 0 
36 36 45 49 49 23 13 13 12 12 7 8 8 11 8 8 6 6 4 1 1 3 2 2 2 2 3 2 2 1 3 3 2 2 3 2 2 1 1 1 0 0 0 0 0 0 
36 36 45 49 49 23 13 13 12 12 7 8 8 11 8 8 6 6 4 1 1 3 2 2 2 2 3 2 2 1 3 3 2 2 3 2 2 1 1 1 0 0 0 0 0 0 
22 22 34 44 44 59 20 20 23 23 19 12 12 15 13 13 10 10 9 8 8 4 3 3 2 2 3 1 1 0 1 1 2 2 3 5 5 3 0 0 1 1 0 0 0 1 
20 20 29 34 34 47 59 59 64 64 66 49 49 45 13 13 11 11 8 11 11 7 6 6 3 3 2 1 1 0 0 0 1 1 2 5 5 3 2 2 2 2 1 1 1 1 
20 20 29 34 34 47 59 59 64 64 66 49 49 45 13 13 11 11 8 11 11 7 6 6 3 3 2 1 1 0 0 0 1 1 2 5 5 3 2 2 2 2 1 1 1 1 
15 15 19 25 25 38 63 63 64 64 66 50 50 20 20 20 10 10 10 8 8 10 6 6 4 4 1 1 1 1 0 0 1 1 1 3 3 3 3 3 2 2 2 2 2 1 
16 16 15 36 36 35 60 60 63 63 65 69 69 47 49 49 23 23 24 12 12 8 7 7 3 3 2 2 2 2 1 1 1 1 1 1 1 2 2 2 3 3 2 2 2 1 
16 16 15 36 36 35 60 60 63 63 65 69 69 47 49 49 23 23 24 12 12 8 7 7 3 3 2 2 2 2 1 1 1 1 1 1 1 2 2 2 3 3 2 2 2 1 
16 16 16 44 44 44 62 62 58 58 48 46 46 35 36 36 20 20 21 13 13 12 3 3 3 3 3 3 3 2 2 2 1 1 0 0 0 1 2 2 4 4 3 1 1 1 
16 16 16 44 44 44 62 62 58 58 48 46 46 35 36 36 20 20 21 13 13 12 3 3 3 3 3 3 3 2 2 2 1 1 0 0 0 1 2 2 4 4 3 1 1 1 
15 15 17 45 45 53 64 64 64 64 47 47 47 36 34 34 19 19 18 9 9 8 5 5 6 6 6 3 3 3 2 2 1 1 0 0 0 1 3 3 3 3 2 1 1 1 
29 29 20 46 46 50 67 67 38 38 34 11 11 10 13 13 12 12 20 9 9 8 7 7 8 8 6 3 3 3 2 2 1 1 0 0 0 1 2 2 2 2 2 1 1 1 
29 29 20 46 46 50 67 67 38 38 34 11 11 10 13 13 12 12 20 9 9 8 7 7 8 8 6 3 3 3 2 2 1 1 0 0 0 1 2 2 2 2 2 1 1 1 
25 25 38 44 44 53 55 55 18 18 13 15 15 15 14 14 14 14 9 8 8 7 9 9 7 7 4 3 3 2 1 1 1 1 0 0 0 1 1 1 1 1 1 0 0 0 
13 13 20 24 24 45 46 46 20 20 18 18 18 20 19 19 16 16 13 11 11 5 5 5 4 4 4 4 4 2 2 2 2 2 2 1 1 1 1 1 1 1 1 1 1 1 
13 13 20 24 24 45 46 46 20 20 18 18 18 20 19 19 16 16 13 11 11 5 5 5 4 4 4 4 4 2 2 2 2 2 2 1 1 1 1 1 1 1 1 1 1 1 
9 9 16 15 15 16 20 20 18 18 21 21 21 19 21 21 19 19 14 11 11 6 5 5 6 6 4 5 5 4 6 6 6 6 5 4 4 3 2 2 2 2 2 2 2 1 
9 9 16 15 15 16 20 20 18 18 21 21 21 19 21 21 19 19 14 11 11 6 5 5 6 6 4 5 5 4 6 6 6 6 5 4 4 3 2 2 2 2 2 2 2 1 
4 4 7 5 5 5 8 8 13 13 16 19 19 18 17 17 18 18 18 10 10 7 6 6 6 6 8 4 4 3 5 5 5 5 5 3 3 2 2 2 3 3 4 2 2 2 
5 5 3 3 3 2 4 4 6 6 13 15 15 16 18 18 13 13 14 12 12 5 5 5 6 6 8 5 5 3 2 2 2 2 2 2 2 2 1 1 2 2 2 1 1 1 
5 5 3 3 3 2 4 4 6 6 13 15 15 16 18 18 13 13 14 12 12 5 5 5 6 6 8 5 5 3 2 2 2 2 2 2 2 2 1 1 2 2 2 1 1 1 
5 5 3 4 4 4 5 5 6 6 9 13 13 14 18 18 17 17 12 11 11 8 5 5 4 4 8 6 6 4 3 3 1 1 1 2 2 0 0 0 1 1 1 0 0 0 
4 4 3 4 4 4 4 4 5 5 7 9 9 11 15 15 15 15 15 11 11 10 4 4 2 2 4 4 4 3 2 2 1 1 1 0 0 0 0 0 0 0 0 0 0 0 
4 4 3 4 4 4 4 4 5 5 7 9 9 11 15 15 15 15 15 11 11 10 4 4 2 2 4 4 4 3 2 2 1 1 1 0 0 0 0 0 0 0 0 0 0 0 
4 4 2 3 3 3 3 3 4 4 5 6 6 8 11 11 11 11 14 12 12 10 6 6 2 2 1 3 3 2 1 1 1 1 0 1 1 1 0 0 0 0 0 0 0 0 
4 4 2 3 3 3 3 3 4 4 5 6 6 8 11 11 11 11 14 12 12 10 6 6 2 2 1 3 3 2 1 1 1 1 0 1 1 1 0 0 0 0 0 0 0 0 
2 2 2 1 1 2 1 1 2 2 4 4 4 8 7 7 8 8 8 8 8 8 7 7 4 4 1 2 2 1 1 1 1 1 1 1 1 2 0 0 0 0 0 0 0 0 
7 7 2 2 2 2 1 1 3 3 4 4 4 4 6 6 6 6 6 6 6 5 6 6 3 3 1 1 1 1 0 0 1 1 0 0 0 0 0 0 0 0 0 0 0 0 
7 7 2 2 2 2 1 1 3 3 4 4 4 4 6 6 6 6 6 6 6 5 6 6 3 3 1 1 1 1 0 0 1 1 0 0 0 0 0 0 0 0 0 0 0 0 
8 8 2 1 1 1 1 1 2 2 3 4 4 4 5 5 5 5 5 5 5 4 3 3 2 2 1 1 1 1 1 1 0 0 0 0 0 0 0 0 0 0 0 0 0 0 
4 4 6 5 5 1 1 1 2 2 3 4 4 5 4 4 4 4 4 4 4 3 3 3 1 1 1 1 1 0 0 0 1 1 0 0 0 0 0 0 0 0 0 0 0 0 
4 4 6 5 5 1 1 1 2 2 3 4 4 5 4 4 4 4 4 4 4 3 3 3 1 1 1 1 1 0 0 0 1 1 0 0 0 0 0 0 0 0 0 0 0 0 
6 6 6 2 2 1 1 1 2 2 3 4 4 5 5 5 4 4 4 2 2 2 2 2 1 1 1 1 1 0 0 0 0 0 0 0 0 0 0 0 0 0 0 0 0 0 
6 6 6 2 2 1 1 1 2 2 3 4 4 5 5 5 4 4 4 2 2 2 2 2 1 1 1 1 1 0 0 0 0 0 0 0 0 0 0 0 0 0 0 0 0 0 
7 7 7 2 2 2 2 2 2 2 3 3 3 5 5 5 4 4 4 2 2 1 1 1 1 1 1 0 0 0 0 0 0 0 0 0 0 0 0 0 0 0 0 0 0 0 
4 4 3 2 2 2 2 2 3 3 3 4 4 6 5 5 4 4 4 1 1 1 1 1 0 0 0 2 2 1 0 0 0 0 0 0 0 0 0 0 1 1 1 1 1 1 
4 4 3 2 2 2 2 2 3 3 3 4 4 6 5 5 4 4 4 1 1 1 1 1 0 0 0 2 2 1 0 0 0 0 0 0 0 0 0 0 1 1 1 1 1 1 
5 5 3 3 3 2 3 3 3 3 4 4 4 6 5 5 3 3 3 1 1 1 1 1 0 0 0 1 1 0 0 0 0 0 0 0 0 0 1 1 0 0 1 0 0 0 
6 6 4 4 4 3 3 3 4 4 4 4 4 5 4 4 3 3 3 1 1 0 0 0 0 0 0 0 0 0 0 0 0 0 0 0 0 0 0 0 0 0 0 0 0 0 
