assets/RAT_results_old/precipitation/2024-05-24_IMERG.asc
ncols        46
nrows        77
xllcorner    74.800261325624
yllcorner    8.058333333333
cellsize     0.062500000000
NODATA_value -9999
74 74 64 64 64 60 70 70 52 52 52 51 51 54 63 63 64 64 56 44 44 96 28 28 23 23 26 27 27 35 84 84 20 20 12 9 9 9 9 9 10 10 7 3 3 3 
73 73 65 67 67 66 71 71 53 53 62 44 44 44 45 45 47 47 35 33 33 25 26 26 29 29 23 25 25 16 52 52 49 49 17 15 15 8 5 5 4 4 7 9 9 5 
73 73 65 67 67 66 71 71 53 53 62 44 44 44 45 45 47 47 35 33 33 25 26 26 29 29 23 25 25 16 52 52 49 49 17 15 15 8 5 5 4 4 7 9 9 5 
78 78 93 93 93 88 63 63 60 60 53 38 38 38 38 38 35 35 34 32 32 37 30 30 29 29 17 16 16 16 20 20 30 30 22 21 21 8 6 6 5 5 8 12 12 13 
106 106 104 85 85 82 71 71 38 38 27 25 25 27 35 35 29 29 22 36 36 36 39 39 25 25 18 17 17 16 20 20 23 23 20 23 23 11 8 8 5 5 5 13 13 17 
106 106 104 85 85 82 71 71 38 38 27 25 25 27 35 35 29 29 22 36 36 36 39 39 25 25 18 17 17 16 20 20 23 23 20 23 23 11 8 8 5 5 5 13 13 17 
110 110 102 70 70 67 59 59 35 35 24 22 22 17 17 17 20 20 16 20 20 49 27 27 18 18 17 18 18 19 25 25 29 29 22 21 21 21 11 11 5 5 7 12 12 13 
110 110 102 70 70 67 59 59 35 35 24 22 22 17 17 17 20 20 16 20 20 49 27 27 18 18 17 18 18 19 25 25 29 29 22 21 21 21 11 11 5 5 7 12 12 13 
117 117 143 73 73 67 57 57 23 23 17 17 17 15 16 16 19 19 22 22 22 19 27 27 27 27 29 30 30 26 25 25 21 21 19 19 19 18 14 14 14 14 28 25 25 5 
139 139 127 74 74 61 59 59 19 19 18 22 22 24 27 27 26 26 29 28 28 27 28 28 33 33 38 39 39 38 33 33 31 31 27 20 20 15 12 12 10 10 13 14 14 4 
139 139 127 74 74 61 59 59 19 19 18 22 22 24 27 27 26 26 29 28 28 27 28 28 33 33 38 39 39 38 33 33 31 31 27 20 20 15 12 12 10 10 13 14 14 4 
75 75 68 69 69 53 49 49 20 20 20 27 27 32 36 36 35 35 30 30 30 31 36 36 40 40 42 40 40 42 40 40 35 35 26 21 21 13 8 8 8 8 3 4 4 4 
60 60 64 61 61 48 43 43 33 33 28 35 35 39 34 34 32 32 25 24 24 29 33 33 36 36 35 35 35 40 37 37 29 29 23 24 24 13 7 7 3 3 1 3 3 4 
60 60 64 61 61 48 43 43 33 33 28 35 35 39 34 34 32 32 25 24 24 29 33 33 36 36 35 35 35 40 37 37 29 29 23 24 24 13 7 7 3 3 1 3 3 4 
48 48 50 56 56 41 46 46 34 34 28 37 37 35 27 27 26 26 19 19 19 25 30 30 36 36 39 38 38 38 37 37 30 30 28 22 22 12 2 2 1 1 6 4 4 4 
48 48 50 56 56 41 46 46 34 34 28 37 37 35 27 27 26 26 19 19 19 25 30 30 36 36 39 38 38 38 37 37 30 30 28 22 22 12 2 2 1 1 6 4 4 4 
24 24 35 27 27 27 31 31 23 23 30 27 27 27 21 21 21 21 17 16 16 22 28 28 38 38 39 33 33 29 24 24 30 30 23 18 18 21 15 15 16 16 10 16 16 4 
19 19 17 21 21 22 26 26 24 24 14 19 19 22 21 21 20 20 16 14 14 17 22 22 28 28 28 22 22 25 23 23 23 23 17 15 15 19 34 34 32 32 17 17 17 11 
19 19 17 21 21 22 26 26 24 24 14 19 19 22 21 21 20 20 16 14 14 17 22 22 28 28 28 22 22 25 23 23 23 23 17 15 15 19 34 34 32 32 17 17 17 11 
11 11 10 9 9 26 22 22 22 22 14 18 18 19 24 24 21 21 24 17 17 14 21 21 21 21 18 13 13 11 12 12 22 22 21 30 30 33 35 35 33 33 37 40 40 16 
9 9 9 10 10 25 26 26 26 26 28 19 19 24 23 23 19 19 21 11 11 15 17 17 14 14 13 11 11 9 10 10 21 21 21 17 17 19 31 31 35 35 37 39 39 16 
9 9 9 10 10 25 26 26 26 26 28 19 19 24 23 23 19 19 21 11 11 15 17 17 14 14 13 11 11 9 10 10 21 21 21 17 17 19 31 31 35 35 37 39 39 16 
41 41 39 39 39 52 39 39 19 19 20 19 19 25 22 22 15 15 14 9 9 8 6 6 6 6 12 12 12 9 7 7 7 7 7 17 17 19 31 31 25 25 25 36 36 36 
41 41 39 39 39 52 39 39 19 19 20 19 19 25 22 22 15 15 14 9 9 8 6 6 6 6 12 12 12 9 7 7 7 7 7 17 17 19 31 31 25 25 25 36 36 36 
55 55 51 38 38 33 34 34 33 33 19 17 17 25 25 25 20 20 8 5 5 6 7 7 9 9 10 10 10 8 7 7 5 5 3 8 8 8 14 14 24 24 25 36 36 36 
56 56 51 50 50 41 47 47 26 26 27 29 29 36 33 33 28 28 8 12 12 4 6 6 8 8 12 12 12 9 5 5 5 5 4 2 2 4 8 8 9 9 12 17 17 17 
56 56 51 50 50 41 47 47 26 26 27 29 29 36 33 33 28 28 8 12 12 4 6 6 8 8 12 12 12 9 5 5 5 5 4 2 2 4 8 8 9 9 12 17 17 17 
70 70 63 61 61 43 45 45 26 26 30 36 36 47 42 42 36 36 12 14 14 10 13 13 11 11 12 12 12 9 8 8 2 2 2 2 2 4 9 9 9 9 12 8 8 6 
67 67 60 59 59 43 48 48 34 34 40 23 23 38 43 43 35 35 13 16 16 15 15 15 17 17 17 13 13 10 9 9 6 6 5 4 4 7 7 7 7 7 9 9 9 7 
67 67 60 59 59 43 48 48 34 34 40 23 23 38 43 43 35 35 13 16 16 15 15 15 17 17 17 13 13 10 9 9 6 6 5 4 4 7 7 7 7 7 9 9 9 7 
64 64 64 43 43 44 34 34 33 33 36 19 19 23 27 27 27 27 22 28 28 23 29 29 20 20 19 17 17 16 13 13 13 13 6 6 6 9 8 8 6 6 7 4 4 4 
64 64 64 43 43 44 34 34 33 33 36 19 19 23 27 27 27 27 22 28 28 23 29 29 20 20 19 17 17 16 13 13 13 13 6 6 6 9 8 8 6 6 7 4 4 4 
55 55 56 41 41 45 32 32 34 34 36 15 15 28 31 31 33 33 32 27 27 34 39 39 32 32 30 26 26 25 16 16 15 15 8 8 8 9 9 9 8 8 8 6 6 5 
56 56 58 43 43 42 27 27 27 27 13 13 13 33 28 28 29 29 41 46 46 57 54 54 46 46 42 36 36 30 28 28 23 23 10 9 9 7 6 6 5 5 5 5 5 4 
56 56 58 43 43 42 27 27 27 27 13 13 13 33 28 28 29 29 41 46 46 57 54 54 46 46 42 36 36 30 28 28 23 23 10 9 9 7 6 6 5 5 5 5 5 4 
39 39 39 32 32 34 18 18 37 37 23 20 20 33 31 31 32 32 46 51 51 56 54 54 51 51 56 51 51 47 43 43 29 29 10 10 10 7 5 5 4 4 3 3 3 2 
9 9 15 38 38 41 29 29 35 35 37 45 45 43 43 43 42 42 45 44 44 61 75 75 62 62 66 49 49 49 64 64 34 34 23 8 8 5 3 3 3 3 2 1 1 1 
9 9 15 38 38 41 29 29 35 35 37 45 45 43 43 43 42 42 45 44 44 61 75 75 62 62 66 49 49 49 64 64 34 34 23 8 8 5 3 3 3 3 2 1 1 1 
8 8 20 23 23 21 31 31 51 51 51 58 58 53 47 47 43 43 47 50 50 51 54 54 65 65 74 80 80 86 81 81 43 43 29 18 18 17 3 3 2 2 1 3 3 3 
8 8 20 23 23 21 31 31 51 51 51 58 58 53 47 47 43 43 47 50 50 51 54 54 65 65 74 80 80 86 81 81 43 43 29 18 18 17 3 3 2 2 1 3 3 3 
10 10 24 29 29 30 40 40 53 53 55 66 66 61 64 64 59 59 58 60 60 59 55 55 61 61 77 82 82 89 90 90 43 43 44 36 36 9 1 1 2 2 1 3 3 4 
14 14 26 31 31 31 41 41 59 59 64 72 72 73 76 76 70 70 63 60 60 57 55 55 56 56 80 88 88 91 90 90 52 52 41 40 40 21 1 1 2 2 2 2 2 1 
14 14 26 31 31 31 41 41 59 59 64 72 72 73 76 76 70 70 63 60 60 57 55 55 56 56 80 88 88 91 90 90 52 52 41 40 40 21 1 1 2 2 2 2 2 1 
18 18 29 32 32 38 44 44 61 61 73 77 77 78 73 73 77 77 68 66 66 70 65 65 64 64 59 63 63 55 47 47 50 50 46 41 41 22 3 3 3 3 2 2 2 1 
21 21 23 24 24 36 45 45 62 62 65 73 73 78 69 69 74 74 80 74 74 70 81 81 74 74 56 53 53 62 49 49 51 51 49 48 48 27 6 6 5 5 2 1 1 1 
21 21 23 24 24 36 45 45 62 62 65 73 73 78 69 69 74 74 80 74 74 70 81 81 74 74 56 53 53 62 49 49 51 51 49 48 48 27 6 6 5 5 2 1 1 1 
19 19 23 26 26 37 48 48 48 48 56 66 66 75 66 66 74 74 74 67 67 64 60 60 70 70 59 62 62 59 52 52 55 55 53 55 55 50 50 50 29 29 14 14 14 4 
19 19 23 26 26 37 48 48 48 48 56 66 66 75 66 66 74 74 74 67 67 64 60 60 70 70 59 62 62 59 52 52 55 55 53 55 55 50 50 50 29 29 14 14 14 4 
22 22 23 24 24 27 30 30 44 44 53 57 57 65 58 58 65 65 64 59 59 57 54 54 65 65 62 65 65 55 54 54 55 55 58 58 58 53 53 53 28 28 26 21 21 14 
21 21 22 21 21 24 26 26 29 29 40 42 42 42 48 48 50 50 50 60 60 57 47 47 55 55 62 61 61 47 53 53 57 57 62 59 59 53 50 50 27 27 26 18 18 2 
21 21 22 21 21 24 26 26 29 29 40 42 42 42 48 48 50 50 50 60 60 57 47 47 55 55 62 61 61 47 53 53 57 57 62 59 59 53 50 50 27 27 26 18 18 2 
18 18 19 18 18 19 20 20 25 25 27 34 34 30 37 37 40 40 50 65 65 55 50 50 49 49 59 67 67 46 49 49 54 54 57 54 54 54 52 52 33 33 35 23 23 20 
16 16 17 18 18 18 17 17 18 18 21 25 25 26 30 30 38 38 45 58 58 59 50 50 47 47 57 55 55 58 53 53 60 60 62 55 55 54 54 54 43 43 42 24 24 17 
16 16 17 18 18 18 17 17 18 18 21 25 25 26 30 30 38 38 45 58 58 59 50 50 47 47 57 55 55 58 53 53 60 60 62 55 55 54 54 54 43 43 42 24 24 17 
17 17 17 16 16 16 18 18 16 16 16 17 17 17 22 22 31 31 48 52 52 46 38 38 52 52 60 61 61 64 71 71 72 72 68 69 69 63 6 6 5 5 22 11 11 11 
17 17 17 16 16 16 18 18 16 16 16 17 17 17 22 22 31 31 48 52 52 46 38 38 52 52 60 61 61 64 71 71 72 72 68 69 69 63 6 6 5 5 22 11 11 11 
23 23 21 19 19 17 16 16 14 14 14 16 16 17 20 20 33 33 39 48 48 47 43 43 47 47 55 68 68 82 87 87 83 83 68 63 63 65 7 7 6 6 4 53 53 51 
25 25 20 19 19 18 19 19 17 17 14 17 17 17 22 22 27 27 31 35 35 38 37 37 34 34 53 59 59 67 68 68 68 68 60 54 54 58 10 10 6 6 9 51 51 47 
25 25 20 19 19 18 19 19 17 17 14 17 17 17 22 22 27 27 31 35 35 38 37 37 34 34 53 59 59 67 68 68 68 68 60 54 54 58 10 10 6 6 9 51 51 47 
26 26 23 31 31 29 32 32 23 23 26 29 29 19 17 17 20 20 22 31 31 32 34 34 32 32 41 50 50 50 49 49 45 45 41 37 37 37 7 7 4 4 9 14 14 37 
25 25 24 30 30 33 30 30 26 26 25 36 36 24 27 27 28 28 30 23 23 22 22 22 23 23 27 42 42 39 34 34 26 26 34 31 31 28 9 9 8 8 17 22 22 41 
25 25 24 30 30 33 30 30 26 26 25 36 36 24 27 27 28 28 30 23 23 22 22 22 23 23 27 42 42 39 34 34 26 26 34 31 31 28 9 9 8 8 17 22 22 41 
25 25 23 32 32 38 34 34 31 31 33 31 31 21 25 25 36 36 38 24 24 24 21 21 22 22 28 31 31 27 23 23 20 20 18 19 19 13 14 14 18 18 19 24 24 36 
25 25 23 32 32 38 34 34 31 31 33 31 31 21 25 25 36 36 38 24 24 24 21 21 22 22 28 31 31 27 23 23 20 20 18 19 19 13 14 14 18 18 19 24 24 36 
22 22 20 29 29 31 27 27 27 27 32 35 35 25 36 36 36 36 35 18 18 19 17 17 16 16 23 20 20 21 22 22 19 19 18 15 15 11 12 12 16 16 23 26 26 24 
15 15 17 24 24 27 29 29 29 29 34 35 35 32 34 34 34 34 32 14 14 15 13 13 12 12 14 14 14 15 18 18 23 23 21 22 22 20 19 19 17 17 19 19 19 18 
15 15 17 24 24 27 29 29 29 29 34 35 35 32 34 34 34 34 32 14 14 15 13 13 12 12 14 14 14 15 18 18 23 23 21 22 22 20 19 19 17 17 19 19 19 18 
16 16 16 18 18 28 24 24 23 23 29 32 32 30 32 32 31 31 26 25 25 11 11 11 12 12 12 13 13 14 16 16 19 19 21 22 22 20 18 18 15 15 13 15 15 16 
21 21 19 17 17 21 20 20 21 21 34 27 27 27 28 28 26 26 25 24 24 10 11 11 12 12 14 16 16 13 14 14 15 15 16 20 20 17 15 15 14 14 13 12 12 12 
21 21 19 17 17 21 20 20 21 21 34 27 27 27 28 28 26 26 25 24 24 10 11 11 12 12 14 16 16 13 14 14 15 15 16 20 20 17 15 15 14 14 13 12 12 12 
21 21 22 21 21 22 23 23 21 21 25 25 25 29 32 32 26 26 24 20 20 9 10 10 10 10 12 13 13 11 13 13 16 16 15 18 18 21 19 19 18 18 18 22 22 22 
21 21 22 21 21 22 23 23 21 21 25 25 25 29 32 32 26 26 24 20 20 9 10 10 10 10 12 13 13 11 13 13 16 16 15 18 18 21 19 19 18 18 18 22 22 22 
25 25 26 23 23 26 25 25 21 21 30 28 28 27 28 28 24 24 23 13 13 9 9 9 15 15 16 14 14 13 13 13 14 14 13 20 20 24 23 23 21 21 20 22 22 23 
36 36 35 26 26 27 27 27 27 27 26 19 19 17 17 17 15 15 14 14 14 12 13 13 17 17 18 16 16 16 18 18 16 16 17 27 27 19 22 22 22 22 23 19 19 18 
36 36 35 26 26 27 27 27 27 27 26 19 19 17 17 17 15 15 14 14 14 12 13 13 17 17 18 16 16 16 18 18 16 16 17 27 27 19 22 22 22 22 23 19 19 18 
35 35 32 20 20 19 20 20 17 17 17 16 16 17 17 17 15 15 12 12 12 13 17 17 21 21 23 28 28 33 36 36 33 33 30 27 27 24 16 16 16 16 17 16 16 14 
15 15 16 16 16 16 16 16 15 15 17 18 18 18 16 16 16 16 12 14 14 18 23 23 29 29 38 44 44 52 55 55 55 55 50 41 41 32 24 24 19 19 17 21 21 19 
