assets/RAT_results_old/precipitation/2024-11-16_IMERG.asc
ncols        46
nrows        77
xllcorner    74.800261325624
yllcorner    8.058333333333
cellsize     0.062500000000
NODATA_value -9999
7 7 4 3 3 4 3 3 1 1 1 3 3 5 7 7 21 21 20 19 19 17 17 17 13 13 9 5 5 4 5 5 3 3 3 3 3 4 3 3 3 3 3 2 2 1 
15 15 9 4 4 3 2 2 1 1 1 2 2 3 5 5 19 19 19 21 21 18 16 16 12 12 9 5 5 4 2 2 2 2 4 6 6 8 9 9 9 9 9 6 6 5 
15 15 9 4 4 3 2 2 1 1 1 2 2 3 5 5 19 19 19 21 21 18 16 16 12 12 9 5 5 4 2 2 2 2 4 6 6 8 9 9 9 9 9 6 6 5 
29 29 13 3 3 2 1 1 1 1 1 1 1 1 1 1 1 1 1 5 5 5 7 7 4 4 3 3 3 2 2 2 2 2 4 6 6 8 10 10 11 11 10 9 9 9 
23 23 14 5 5 4 2 2 2 2 2 1 1 1 1 1 0 0 1 1 1 0 1 1 1 1 0 0 0 1 0 0 0 0 1 1 1 2 3 3 4 4 4 4 4 4 
23 23 14 5 5 4 2 2 2 2 2 1 1 1 1 1 0 0 1 1 1 0 1 1 1 1 0 0 0 1 0 0 0 0 1 1 1 2 3 3 4 4 4 4 4 4 
19 19 9 7 7 6 5 5 3 3 3 1 1 1 1 1 0 0 0 0 0 0 0 0 0 0 0 0 0 0 0 0 0 0 0 1 1 1 2 2 3 3 3 4 4 5 
19 19 9 7 7 6 5 5 3 3 3 1 1 1 1 1 0 0 0 0 0 0 0 0 0 0 0 0 0 0 0 0 0 0 0 1 1 1 2 2 3 3 3 4 4 5 
9 9 6 7 7 7 6 6 5 5 4 2 2 1 2 2 1 1 2 1 1 1 0 0 1 1 1 1 1 1 1 1 1 1 1 2 2 3 4 4 4 4 5 5 5 6 
6 6 8 9 9 8 7 7 8 8 6 5 5 3 3 3 2 2 2 1 1 1 1 1 1 1 1 2 2 1 2 2 1 1 2 2 2 4 5 5 5 5 5 5 5 5 
6 6 8 9 9 8 7 7 8 8 6 5 5 3 3 3 2 2 2 1 1 1 1 1 1 1 1 2 2 1 2 2 1 1 2 2 2 4 5 5 5 5 5 5 5 5 
11 11 12 13 13 12 12 12 11 11 9 8 8 5 4 4 3 3 3 1 1 2 0 0 1 1 0 1 1 0 0 0 0 0 1 2 2 2 3 3 4 4 4 3 3 3 
8 8 9 11 11 11 10 10 10 10 6 6 6 5 2 2 3 3 3 3 3 2 2 2 1 1 2 1 1 1 1 1 1 1 0 1 1 1 2 2 2 2 3 2 2 2 
8 8 9 11 11 11 10 10 10 10 6 6 6 5 2 2 3 3 3 3 3 2 2 2 1 1 2 1 1 1 1 1 1 1 0 1 1 1 2 2 2 2 3 2 2 2 
6 6 5 6 6 6 6 6 5 5 4 5 5 4 2 2 3 3 1 3 3 1 1 1 0 0 1 0 0 0 0 0 1 1 2 3 3 3 4 4 3 3 3 2 2 1 
6 6 5 6 6 6 6 6 5 5 4 5 5 4 2 2 3 3 1 3 3 1 1 1 0 0 1 0 0 0 0 0 1 1 2 3 3 3 4 4 3 3 3 2 2 1 
8 8 5 6 6 5 5 5 5 5 4 5 5 4 3 3 3 3 2 3 3 2 3 3 1 1 2 2 2 2 2 2 2 2 3 4 4 4 4 4 4 4 4 4 4 3 
13 13 10 10 10 7 6 6 7 7 7 7 7 7 6 6 5 5 3 2 2 1 2 2 1 1 3 4 4 5 4 4 5 5 6 7 7 9 8 8 9 9 8 9 9 8 
13 13 10 10 10 7 6 6 7 7 7 7 7 7 6 6 5 5 3 2 2 1 2 2 1 1 3 4 4 5 4 4 5 5 6 7 7 9 8 8 9 9 8 9 9 8 
16 16 12 12 12 11 11 11 13 13 14 18 18 20 19 19 16 16 13 8 8 4 4 4 4 4 5 6 6 7 6 6 6 6 5 5 5 6 6 6 6 6 6 7 7 6 
18 18 13 12 12 12 12 12 13 13 11 13 13 13 13 13 11 11 8 7 7 5 4 4 4 4 5 6 6 5 5 5 5 5 4 4 4 4 5 5 5 5 6 7 7 7 
18 18 13 12 12 12 12 12 13 13 11 13 13 13 13 13 11 11 8 7 7 5 4 4 4 4 5 6 6 5 5 5 5 5 4 4 4 4 5 5 5 5 6 7 7 7 
17 17 10 8 8 7 8 8 7 7 6 6 6 6 6 6 5 5 4 3 3 2 2 2 2 2 2 2 2 2 1 1 1 1 1 1 1 1 2 2 2 2 2 3 3 4 
17 17 10 8 8 7 8 8 7 7 6 6 6 6 6 6 5 5 4 3 3 2 2 2 2 2 2 2 2 2 1 1 1 1 1 1 1 1 2 2 2 2 2 3 3 4 
15 15 8 5 5 5 6 6 5 5 3 3 3 3 3 3 2 2 1 1 1 1 1 1 1 1 1 3 3 1 0 0 0 0 0 0 0 0 1 1 1 1 1 2 2 2 
11 11 7 3 3 3 3 3 2 2 2 1 1 1 1 1 0 0 0 0 0 0 1 1 1 1 2 4 4 1 1 1 2 2 1 0 0 0 1 1 2 2 3 4 4 4 
11 11 7 3 3 3 3 3 2 2 2 1 1 1 1 1 0 0 0 0 0 0 1 1 1 1 2 4 4 1 1 1 2 2 1 0 0 0 1 1 2 2 3 4 4 4 
6 6 3 2 2 1 1 1 1 1 0 0 0 1 1 1 0 0 0 0 0 0 0 0 1 1 1 2 2 0 0 0 1 1 0 0 0 0 1 1 3 3 4 4 4 4 
3 3 1 0 0 0 0 0 0 0 0 0 0 1 1 1 1 1 1 0 0 0 0 0 0 0 0 0 0 0 0 0 0 0 0 1 1 2 2 2 3 3 5 5 5 5 
3 3 1 0 0 0 0 0 0 0 0 0 0 1 1 1 1 1 1 0 0 0 0 0 0 0 0 0 0 0 0 0 0 0 0 1 1 2 2 2 3 3 5 5 5 5 
3 3 1 1 1 0 0 0 0 0 0 0 0 0 1 1 1 1 1 1 1 0 0 0 0 0 0 0 0 1 1 1 3 3 3 4 4 7 4 4 3 3 3 3 3 3 
3 3 1 1 1 0 0 0 0 0 0 0 0 0 1 1 1 1 1 1 1 0 0 0 0 0 0 0 0 1 1 1 3 3 3 4 4 7 4 4 3 3 3 3 3 3 
0 0 0 0 0 0 0 0 0 0 0 0 0 0 1 1 1 1 1 1 1 1 0 0 0 0 0 1 1 2 6 6 10 10 13 14 14 14 12 12 11 11 7 5 5 3 
0 0 0 0 0 0 0 0 0 0 0 0 0 0 1 1 1 1 0 0 0 0 0 0 1 1 1 2 2 4 7 7 10 10 13 12 12 13 13 13 11 11 9 7 7 5 
0 0 0 0 0 0 0 0 0 0 0 0 0 0 1 1 1 1 0 0 0 0 0 0 1 1 1 2 2 4 7 7 10 10 13 12 12 13 13 13 11 11 9 7 7 5 
0 0 0 0 0 0 0 0 0 0 1 1 1 1 1 1 2 2 1 1 1 1 1 1 1 1 3 5 5 6 8 8 11 11 12 13 13 14 13 13 12 12 10 8 8 4 
1 1 1 0 0 0 1 1 1 1 1 1 1 1 1 1 1 1 1 1 1 1 1 1 1 1 2 4 4 6 7 7 9 9 9 8 8 8 7 7 6 6 5 4 4 4 
1 1 1 0 0 0 1 1 1 1 1 1 1 1 1 1 1 1 1 1 1 1 1 1 1 1 2 4 4 6 7 7 9 9 9 8 8 8 7 7 6 6 5 4 4 4 
1 1 1 1 1 1 2 2 2 2 2 2 2 3 3 3 3 3 4 3 3 3 3 3 3 3 2 2 2 2 3 3 5 5 6 7 7 9 9 9 8 8 8 7 7 7 
1 1 1 1 1 1 2 2 2 2 2 2 2 3 3 3 3 3 4 3 3 3 3 3 3 3 2 2 2 2 3 3 5 5 6 7 7 9 9 9 8 8 8 7 7 7 
1 1 1 1 1 1 2 2 2 2 3 3 3 4 4 4 5 5 6 6 6 6 5 5 4 4 3 3 3 4 5 5 7 7 8 7 7 8 7 7 7 7 6 7 7 7 
3 3 2 1 1 2 2 2 3 3 3 3 3 5 6 6 9 9 16 14 14 14 14 14 14 14 12 8 8 8 9 9 11 11 10 8 8 8 6 6 6 6 6 6 6 6 
3 3 2 1 1 2 2 2 3 3 3 3 3 5 6 6 9 9 16 14 14 14 14 14 14 14 12 8 8 8 9 9 11 11 10 8 8 8 6 6 6 6 6 6 6 6 
3 3 2 2 2 2 2 2 2 2 4 5 5 10 17 17 24 24 31 33 33 30 26 26 23 23 19 12 12 8 6 6 6 6 6 4 4 5 6 6 9 9 9 9 9 8 
5 5 3 3 3 3 3 3 4 4 6 10 10 16 24 24 30 30 34 33 33 32 27 27 22 22 15 11 11 8 5 5 6 6 5 4 4 5 6 6 7 7 8 8 8 7 
5 5 3 3 3 3 3 3 4 4 6 10 10 16 24 24 30 30 34 33 33 32 27 27 22 22 15 11 11 8 5 5 6 6 5 4 4 5 6 6 7 7 8 8 8 7 
9 9 5 4 4 4 4 4 6 6 6 7 7 11 14 14 19 19 21 20 20 20 19 19 13 13 13 13 13 9 7 7 8 8 7 6 6 7 6 6 5 5 6 4 4 2 
9 9 5 4 4 4 4 4 6 6 6 7 7 11 14 14 19 19 21 20 20 20 19 19 13 13 13 13 13 9 7 7 8 8 7 6 6 7 6 6 5 5 6 4 4 2 
16 16 7 4 4 3 3 3 4 4 5 6 6 8 13 13 13 13 15 16 16 16 19 19 15 15 15 19 19 16 12 12 8 8 8 8 8 6 3 3 3 3 4 6 6 6 
21 21 16 13 13 10 12 12 10 10 8 7 7 8 8 8 9 9 12 13 13 14 16 16 21 21 30 20 20 13 10 10 8 8 8 7 7 4 2 2 4 4 6 6 6 6 
21 21 16 13 13 10 12 12 10 10 8 7 7 8 8 8 9 9 12 13 13 14 16 16 21 21 30 20 20 13 10 10 8 8 8 7 7 4 2 2 4 4 6 6 6 6 
27 27 23 20 20 19 16 16 17 17 19 15 15 14 11 11 9 9 10 11 11 22 25 25 27 27 23 13 13 11 7 7 6 6 6 6 6 4 2 2 4 4 6 6 6 5 
30 30 32 25 25 25 25 25 27 27 25 18 18 11 6 6 5 5 6 6 6 6 9 9 20 20 21 11 11 5 4 4 4 4 5 4 4 2 2 2 2 2 4 5 5 3 
30 30 32 25 25 25 25 25 27 27 25 18 18 11 6 6 5 5 6 6 6 6 9 9 20 20 21 11 11 5 4 4 4 4 5 4 4 2 2 2 2 2 4 5 5 3 
10 10 7 5 5 3 2 2 2 2 2 1 1 1 1 1 1 1 2 2 2 3 5 5 15 15 21 12 12 4 4 4 4 4 6 5 5 4 4 4 8 8 9 9 9 6 
10 10 7 5 5 3 2 2 2 2 2 1 1 1 1 1 1 1 2 2 2 3 5 5 15 15 21 12 12 4 4 4 4 4 6 5 5 4 4 4 8 8 9 9 9 6 
5 5 5 3 3 2 1 1 1 1 1 1 1 0 0 0 0 0 1 1 1 1 2 2 5 5 9 5 5 3 2 2 4 4 6 6 6 5 7 7 8 8 9 9 9 8 
4 4 4 4 4 3 2 2 2 2 1 1 1 1 0 0 0 0 0 0 0 0 1 1 1 1 2 3 3 2 2 2 2 2 4 6 6 5 3 3 4 4 5 6 6 6 
4 4 4 4 4 3 2 2 2 2 1 1 1 1 0 0 0 0 0 0 0 0 1 1 1 1 2 3 3 2 2 2 2 2 4 6 6 5 3 3 4 4 5 6 6 6 
3 3 4 3 3 1 1 1 0 0 0 0 0 0 0 0 0 0 0 0 0 0 0 0 1 1 1 3 3 2 1 1 1 1 3 4 4 4 9 9 14 14 15 15 15 17 
2 2 2 1 1 1 0 0 0 0 0 0 0 0 0 0 0 0 0 0 0 0 0 0 0 0 1 1 1 1 1 1 2 2 3 4 4 10 15 15 13 13 17 17 17 15 
2 2 2 1 1 1 0 0 0 0 0 0 0 0 0 0 0 0 0 0 0 0 0 0 0 0 1 1 1 1 1 1 2 2 3 4 4 10 15 15 13 13 17 17 17 15 
2 2 1 1 1 1 0 0 0 0 0 0 0 0 0 0 0 0 0 0 0 0 0 0 0 0 0 0 0 1 2 2 4 4 4 9 9 11 8 8 12 12 12 12 12 12 
2 2 1 1 1 1 0 0 0 0 0 0 0 0 0 0 0 0 0 0 0 0 0 0 0 0 0 0 0 1 2 2 4 4 4 9 9 11 8 8 12 12 12 12 12 12 
1 1 2 2 2 1 1 1 0 0 0 0 0 0 0 0 0 0 0 0 0 0 0 0 0 0 0 1 1 1 2 2 3 3 7 9 9 7 12 12 15 15 12 12 12 13 
1 1 2 3 3 4 10 10 4 4 2 0 0 0 0 0 0 0 0 0 0 0 0 0 0 0 0 1 1 2 2 2 4 4 5 6 6 9 13 13 18 18 13 11 11 12 
1 1 2 3 3 4 10 10 4 4 2 0 0 0 0 0 0 0 0 0 0 0 0 0 0 0 0 1 1 2 2 2 4 4 5 6 6 9 13 13 18 18 13 11 11 12 
3 3 6 10 10 12 11 11 6 6 1 0 0 0 0 0 0 0 0 0 0 0 0 0 1 1 1 2 2 3 3 3 4 4 4 5 5 7 9 9 9 9 9 9 9 8 
2 2 3 13 13 14 10 10 5 5 1 0 0 0 0 0 0 0 0 0 0 0 1 1 1 1 1 1 1 2 4 4 4 4 4 5 5 6 8 8 7 7 6 6 6 6 
2 2 3 13 13 14 10 10 5 5 1 0 0 0 0 0 0 0 0 0 0 0 1 1 1 1 1 1 1 2 4 4 4 4 4 5 5 6 8 8 7 7 6 6 6 6 
1 1 5 10 10 6 5 5 3 3 2 0 0 0 0 0 0 0 0 0 0 0 1 1 1 1 2 3 3 2 3 3 5 5 7 7 7 7 3 3 4 4 3 4 4 5 
1 1 5 10 10 6 5 5 3 3 2 0 0 0 0 0 0 0 0 0 0 0 1 1 1 1 2 3 3 2 3 3 5 5 7 7 7 7 3 3 4 4 3 4 4 5 
4 4 10 13 13 6 5 5 3 3 0 0 0 0 0 0 0 0 0 1 1 1 1 1 2 2 3 4 4 4 4 4 5 5 10 10 10 6 2 2 1 1 2 3 3 4 
6 6 13 12 12 4 1 1 0 0 0 0 0 0 0 0 0 0 1 1 1 1 2 2 2 2 2 3 3 3 2 2 3 3 4 5 5 6 4 4 3 3 2 4 4 5 
6 6 13 12 12 4 1 1 0 0 0 0 0 0 0 0 0 0 1 1 1 1 2 2 2 2 2 3 3 3 2 2 3 3 4 5 5 6 4 4 3 3 2 4 4 5 
6 6 18 7 7 1 0 0 1 1 0 0 0 0 0 0 0 0 0 1 1 1 2 2 2 2 3 4 4 5 5 5 6 6 6 7 7 8 16 16 13 13 7 7 7 7 
3 3 6 9 9 1 1 1 1 1 0 0 0 0 0 0 0 0 0 1 1 1 3 3 4 4 5 7 7 8 11 11 13 13 13 14 14 17 15 15 22 22 28 9 9 6 
