assets/RAT_results_old/precipitation/2024-05-26_IMERG.asc
ncols        46
nrows        77
xllcorner    74.800261325624
yllcorner    8.058333333333
cellsize     0.062500000000
NODATA_value -9999
5 5 3 3 3 1 0 0 1 1 1 1 1 1 0 0 2 2 1 1 1 1 1 1 3 3 3 4 4 4 4 4 3 3 1 0 0 0 0 0 1 1 1 1 1 2 
5 5 7 4 4 2 2 2 6 6 5 7 7 7 1 1 0 0 1 0 0 1 1 1 3 3 4 5 5 5 5 5 3 3 2 1 1 0 0 0 1 1 2 2 2 1 
5 5 7 4 4 2 2 2 6 6 5 7 7 7 1 1 0 0 1 0 0 1 1 1 3 3 4 5 5 5 5 5 3 3 2 1 1 0 0 0 1 1 2 2 2 1 
6 6 7 6 6 9 7 7 14 14 13 8 8 7 1 1 1 1 1 1 1 1 2 2 2 2 4 5 5 4 4 4 3 3 1 2 2 1 0 0 1 1 2 2 2 1 
5 5 20 23 23 26 7 7 18 18 15 15 15 14 1 1 1 1 0 1 1 0 0 0 1 1 3 5 5 3 2 2 2 2 0 1 1 0 0 0 0 0 1 1 1 1 
5 5 20 23 23 26 7 7 18 18 15 15 15 14 1 1 1 1 0 1 1 0 0 0 1 1 3 5 5 3 2 2 2 2 0 1 1 0 0 0 0 0 1 1 1 1 
10 10 18 22 22 28 28 28 26 26 24 6 6 13 1 1 1 1 0 0 0 0 0 0 1 1 2 5 5 2 1 1 0 0 0 0 0 0 0 0 0 0 1 1 1 1 
10 10 18 22 22 28 28 28 26 26 24 6 6 13 1 1 1 1 0 0 0 0 0 0 1 1 2 5 5 2 1 1 0 0 0 0 0 0 0 0 0 0 1 1 1 1 
9 9 10 13 13 18 16 16 11 11 26 9 9 1 0 0 0 0 0 1 1 1 1 1 2 2 2 5 5 3 2 2 1 1 1 0 0 0 0 0 0 0 1 1 1 1 
4 4 4 9 9 12 11 11 9 9 9 8 8 3 2 2 1 1 0 1 1 3 4 4 3 3 2 3 3 3 3 3 3 3 2 1 1 0 0 0 1 1 1 1 1 1 
4 4 4 9 9 12 11 11 9 9 9 8 8 3 2 2 1 1 0 1 1 3 4 4 3 3 2 3 3 3 3 3 3 3 2 1 1 0 0 0 1 1 1 1 1 1 
4 4 4 3 3 6 9 9 10 10 9 8 8 4 2 2 1 1 2 3 3 3 4 4 3 3 2 3 3 4 4 4 4 4 2 1 1 1 0 0 1 1 1 1 1 1 
5 5 5 4 4 4 7 7 15 15 10 7 7 9 4 4 2 2 2 2 2 2 3 3 3 3 3 4 4 6 5 5 4 4 2 1 1 1 1 1 1 1 0 0 0 2 
5 5 5 4 4 4 7 7 15 15 10 7 7 9 4 4 2 2 2 2 2 2 3 3 3 3 3 4 4 6 5 5 4 4 2 1 1 1 1 1 1 1 0 0 0 2 
3 3 4 2 2 3 6 6 12 12 10 9 9 10 7 7 10 10 4 1 1 1 2 2 3 3 4 4 4 5 5 5 4 4 3 1 1 1 1 1 1 1 1 1 1 2 
3 3 4 2 2 3 6 6 12 12 10 9 9 10 7 7 10 10 4 1 1 1 2 2 3 3 4 4 4 5 5 5 4 4 3 1 1 1 1 1 1 1 1 1 1 2 
3 3 4 6 6 5 5 5 5 5 11 16 16 13 12 12 12 12 6 5 5 1 2 2 3 3 4 4 4 4 4 4 3 3 3 1 1 1 1 1 1 1 2 2 2 3 
4 4 5 7 7 7 6 6 6 6 7 8 8 11 20 20 24 24 12 7 7 1 1 1 2 2 3 3 3 3 3 3 2 2 2 2 2 1 1 1 2 2 4 4 4 4 
4 4 5 7 7 7 6 6 6 6 7 8 8 11 20 20 24 24 12 7 7 1 1 1 2 2 3 3 3 3 3 3 2 2 2 2 2 1 1 1 2 2 4 4 4 4 
6 6 6 7 7 8 10 10 9 9 10 8 8 20 24 24 22 22 12 10 10 1 1 1 1 1 2 3 3 4 4 4 3 3 3 1 1 0 1 1 3 3 4 4 4 3 
7 7 8 9 9 10 11 11 14 14 12 2 2 24 30 30 29 29 13 11 11 3 1 1 0 0 1 2 2 2 2 2 2 2 2 2 2 1 1 1 1 1 2 2 2 2 
7 7 8 9 9 10 11 11 14 14 12 2 2 24 30 30 29 29 13 11 11 3 1 1 0 0 1 2 2 2 2 2 2 2 2 2 2 1 1 1 1 1 2 2 2 2 
20 20 8 9 9 9 11 11 15 15 11 4 4 23 26 26 21 21 18 9 9 8 4 4 0 0 0 2 2 2 2 2 2 2 2 1 1 0 0 0 0 0 0 1 1 1 
20 20 8 9 9 9 11 11 15 15 11 4 4 23 26 26 21 21 18 9 9 8 4 4 0 0 0 2 2 2 2 2 2 2 2 1 1 0 0 0 0 0 0 1 1 1 
12 12 12 10 10 10 12 12 14 14 14 7 7 4 10 10 16 16 17 9 9 9 6 6 1 1 0 1 1 3 2 2 2 2 3 2 2 0 0 0 0 0 1 1 1 1 
20 20 18 16 16 16 20 20 20 20 15 12 12 10 3 3 2 2 11 9 9 7 6 6 1 1 0 1 1 1 1 1 1 1 2 2 2 0 0 0 1 1 1 1 1 1 
20 20 18 16 16 16 20 20 20 20 15 12 12 10 3 3 2 2 11 9 9 7 6 6 1 1 0 1 1 1 1 1 1 1 2 2 2 0 0 0 1 1 1 1 1 1 
28 28 23 24 24 40 42 42 24 24 20 16 16 9 4 4 3 3 7 4 4 2 1 1 1 1 1 0 0 0 1 1 1 1 2 2 2 0 0 0 0 0 0 0 0 0 
26 26 24 35 35 56 51 51 47 47 32 41 41 12 5 5 3 3 4 2 2 2 7 7 3 3 0 3 3 0 0 0 1 1 2 2 2 1 1 1 1 1 0 0 0 0 
26 26 24 35 35 56 51 51 47 47 32 41 41 12 5 5 3 3 4 2 2 2 7 7 3 3 0 3 3 0 0 0 1 1 2 2 2 1 1 1 1 1 0 0 0 0 
25 25 31 46 46 55 66 66 52 52 60 66 66 65 9 9 5 5 7 3 3 8 5 5 0 0 0 0 0 0 0 0 1 1 2 2 2 1 1 1 1 1 0 0 0 0 
25 25 31 46 46 55 66 66 52 52 60 66 66 65 9 9 5 5 7 3 3 8 5 5 0 0 0 0 0 0 0 0 1 1 2 2 2 1 1 1 1 1 0 0 0 0 
32 32 45 43 43 54 63 63 71 71 66 74 74 106 97 97 15 15 3 11 11 2 1 1 5 5 1 1 1 1 4 4 2 2 3 2 2 1 1 1 1 1 0 0 0 0 
35 35 47 44 44 57 64 64 70 70 65 55 55 99 89 89 13 13 15 4 4 4 2 2 2 2 5 4 4 2 5 5 2 2 3 2 2 2 2 2 1 1 1 1 1 1 
35 35 47 44 44 57 64 64 70 70 65 55 55 99 89 89 13 13 15 4 4 4 2 2 2 2 5 4 4 2 5 5 2 2 3 2 2 2 2 2 1 1 1 1 1 1 
40 40 32 25 25 36 60 60 65 65 60 48 48 43 19 19 28 28 25 11 11 7 5 5 3 3 2 2 2 2 2 2 3 3 3 2 2 2 2 2 2 2 1 1 1 1 
33 33 29 30 30 39 42 42 60 60 57 52 52 46 37 37 36 36 25 15 15 9 6 6 4 4 3 3 3 4 4 4 2 2 3 1 1 1 1 1 2 2 2 1 1 1 
33 33 29 30 30 39 42 42 60 60 57 52 52 46 37 37 36 36 25 15 15 9 6 6 4 4 3 3 3 4 4 4 2 2 3 1 1 1 1 1 2 2 2 1 1 1 
28 28 30 28 28 30 24 24 36 36 51 53 53 51 40 40 36 36 26 25 25 16 8 8 5 5 4 4 4 4 3 3 2 2 2 1 1 1 1 1 1 1 1 1 1 2 
28 28 30 28 28 30 24 24 36 36 51 53 53 51 40 40 36 36 26 25 25 16 8 8 5 5 4 4 4 4 3 3 2 2 2 1 1 1 1 1 1 1 1 1 1 2 
27 27 33 32 32 44 38 38 56 56 39 54 54 39 37 37 36 36 32 29 29 24 13 13 8 8 5 5 5 6 7 7 2 2 1 1 1 1 4 4 1 1 1 1 1 2 
38 38 67 103 103 84 76 76 51 51 32 38 38 21 33 33 37 37 32 20 20 22 20 20 15 15 9 6 6 5 10 10 6 6 1 2 2 3 2 2 1 1 2 2 2 2 
38 38 67 103 103 84 76 76 51 51 32 38 38 21 33 33 37 37 32 20 20 22 20 20 15 15 9 6 6 5 10 10 6 6 1 2 2 3 2 2 1 1 2 2 2 2 
74 74 87 94 94 74 68 68 38 38 38 46 46 34 27 27 39 39 33 33 33 38 27 27 23 23 9 6 6 5 6 6 6 6 2 3 3 5 2 2 1 1 2 1 1 1 
63 63 86 61 61 43 33 33 31 31 28 44 44 18 15 15 40 40 44 38 38 30 23 23 24 24 14 11 11 9 9 9 7 7 2 2 2 6 4 4 1 1 2 1 1 1 
63 63 86 61 61 43 33 33 31 31 28 44 44 18 15 15 40 40 44 38 38 30 23 23 24 24 14 11 11 9 9 9 7 7 2 2 2 6 4 4 1 1 2 1 1 1 
81 81 38 18 18 29 29 29 28 28 31 21 21 13 40 40 43 43 55 40 40 36 28 28 16 16 20 13 13 11 4 4 3 3 2 1 1 4 6 6 3 3 2 1 1 1 
81 81 38 18 18 29 29 29 28 28 31 21 21 13 40 40 43 43 55 40 40 36 28 28 16 16 20 13 13 11 4 4 3 3 2 1 1 4 6 6 3 3 2 1 1 1 
29 29 27 14 14 12 13 13 15 15 18 26 26 17 13 13 24 24 37 27 27 39 20 20 24 24 25 11 11 6 3 3 3 3 2 1 1 2 7 7 6 6 2 1 1 2 
21 21 20 14 14 12 14 14 13 13 14 23 23 19 19 19 26 26 48 49 49 41 33 33 37 37 19 17 17 11 6 6 8 8 3 2 2 1 2 2 3 3 2 3 3 4 
21 21 20 14 14 12 14 14 13 13 14 23 23 19 19 19 26 26 48 49 49 41 33 33 37 37 19 17 17 11 6 6 8 8 3 2 2 1 2 2 3 3 2 3 3 4 
14 14 16 15 15 13 10 10 11 11 15 17 17 17 18 18 28 28 29 50 50 32 24 24 25 25 25 20 20 10 9 9 8 8 2 2 2 1 2 2 3 3 2 2 2 2 
16 16 19 10 10 13 13 13 19 19 19 16 16 19 15 15 14 14 16 24 24 21 14 14 16 16 13 16 16 8 5 5 3 3 3 2 2 2 2 2 3 3 2 1 1 1 
16 16 19 10 10 13 13 13 19 19 19 16 16 19 15 15 14 14 16 24 24 21 14 14 16 16 13 16 16 8 5 5 3 3 3 2 2 2 2 2 3 3 2 1 1 1 
30 30 15 10 10 11 18 18 17 17 19 24 24 15 11 11 11 11 11 16 16 15 11 11 10 10 6 14 14 6 6 6 3 3 1 2 2 2 2 2 2 2 2 1 1 1 
30 30 15 10 10 11 18 18 17 17 19 24 24 15 11 11 11 11 11 16 16 15 11 11 10 10 6 14 14 6 6 6 3 3 1 2 2 2 2 2 2 2 2 1 1 1 
35 35 44 35 35 14 22 22 19 19 27 23 23 14 14 14 9 9 13 17 17 16 12 12 16 16 12 12 12 9 7 7 1 1 2 2 2 4 3 3 2 2 3 2 2 1 
65 65 55 36 36 14 45 45 21 21 25 24 24 15 17 17 15 15 41 16 16 37 19 19 18 18 18 17 17 17 13 13 1 1 2 2 2 2 3 3 3 3 2 2 2 1 
65 65 55 36 36 14 45 45 21 21 25 24 24 15 17 17 15 15 41 16 16 37 19 19 18 18 18 17 17 17 13 13 1 1 2 2 2 2 3 3 3 3 2 2 2 1 
50 50 55 54 54 52 48 48 22 22 26 31 31 25 39 39 38 38 58 60 60 62 35 35 39 39 30 23 23 20 10 10 8 8 1 1 1 2 2 2 2 2 2 2 2 2 
44 44 56 56 56 61 59 59 57 57 57 34 34 36 43 43 62 62 64 71 71 56 62 62 37 37 36 28 28 29 12 12 5 5 3 1 1 2 1 1 2 2 2 2 2 2 
44 44 56 56 56 61 59 59 57 57 57 34 34 36 43 43 62 62 64 71 71 56 62 62 37 37 36 28 28 29 12 12 5 5 3 1 1 2 1 1 2 2 2 2 2 2 
36 36 48 55 55 66 64 64 79 79 71 62 62 49 34 34 48 48 51 60 60 61 67 67 51 51 44 27 27 29 14 14 7 7 3 1 1 1 1 1 2 2 3 2 2 2 
36 36 48 55 55 66 64 64 79 79 71 62 62 49 34 34 48 48 51 60 60 61 67 67 51 51 44 27 27 29 14 14 7 7 3 1 1 1 1 1 2 2 3 2 2 2 
14 14 22 55 55 67 79 79 87 87 87 70 70 61 63 63 51 51 59 68 68 79 84 84 72 72 66 26 26 31 14 14 9 9 2 6 6 1 1 1 2 2 2 1 1 2 
16 16 11 23 23 63 74 74 77 77 124 107 107 65 66 66 52 52 62 80 80 99 100 100 80 80 65 64 64 42 41 41 26 26 10 6 6 1 1 1 1 1 1 1 1 2 
16 16 11 23 23 63 74 74 77 77 124 107 107 65 66 66 52 52 62 80 80 99 100 100 80 80 65 64 64 42 41 41 26 26 10 6 6 1 1 1 1 1 1 1 1 2 
45 45 40 38 38 42 30 30 70 70 36 25 25 66 80 80 53 53 77 88 88 95 79 79 102 102 100 101 101 37 42 42 37 37 24 17 17 3 1 1 1 1 1 1 1 1 
46 46 45 44 44 46 25 25 22 22 16 21 21 28 49 49 54 54 71 58 58 61 56 56 92 92 104 101 101 93 35 35 41 41 26 23 23 5 2 2 1 1 1 1 1 1 
46 46 45 44 44 46 25 25 22 22 16 21 21 28 49 49 54 54 71 58 58 61 56 56 92 92 104 101 101 93 35 35 41 41 26 23 23 5 2 2 1 1 1 1 1 1 
38 38 44 53 53 47 25 25 26 26 18 20 20 23 26 26 30 30 22 47 47 55 104 104 111 111 133 139 139 87 60 60 24 24 21 14 14 7 1 1 4 4 3 3 3 0 
38 38 44 53 53 47 25 25 26 26 18 20 20 23 26 26 30 30 22 47 47 55 104 104 111 111 133 139 139 87 60 60 24 24 21 14 14 7 1 1 4 4 3 3 3 0 
32 32 47 59 59 52 40 40 21 21 17 16 16 18 27 27 28 28 17 40 40 41 72 72 73 73 108 138 138 85 59 59 62 62 22 6 6 5 4 4 5 5 2 3 3 1 
27 27 36 39 39 40 36 36 36 36 15 11 11 14 16 16 19 19 13 12 12 14 67 67 70 70 102 110 110 107 106 106 20 20 20 6 6 6 7 7 5 5 3 3 3 1 
27 27 36 39 39 40 36 36 36 36 15 11 11 14 16 16 19 19 13 12 12 14 67 67 70 70 102 110 110 107 106 106 20 20 20 6 6 6 7 7 5 5 3 3 3 1 
21 21 31 34 34 36 33 33 33 33 30 13 13 13 11 11 10 10 12 12 12 12 10 10 15 15 16 17 17 102 100 100 16 16 16 16 16 11 9 9 5 5 4 3 3 1 
23 23 29 31 31 40 40 40 44 44 30 35 35 9 8 8 7 7 8 8 8 11 12 12 12 12 12 12 12 13 13 13 17 17 19 19 19 12 21 21 17 17 6 2 2 4 
