assets/RAT_results_old/precipitation/2024-10-10_IMERG.asc
ncols        46
nrows        77
xllcorner    74.800261325624
yllcorner    8.058333333333
cellsize     0.062500000000
NODATA_value -9999
15 15 13 9 9 9 15 15 18 18 17 19 19 16 12 12 7 7 2 7 7 6 5 5 5 5 3 1 1 0 0 0 3 3 1 2 2 2 3 3 4 4 2 5 5 7 
19 19 14 11 11 8 12 12 15 15 15 17 17 13 11 11 9 9 2 6 6 3 3 3 4 4 2 0 0 0 0 0 1 1 1 2 2 2 3 3 4 4 3 2 2 5 
19 19 14 11 11 8 12 12 15 15 15 17 17 13 11 11 9 9 2 6 6 3 3 3 4 4 2 0 0 0 0 0 1 1 1 2 2 2 3 3 4 4 3 2 2 5 
22 22 15 13 13 7 9 9 11 11 11 15 15 10 9 9 8 8 1 4 4 2 2 2 2 2 1 0 0 0 0 0 0 0 0 4 4 4 4 4 5 5 4 4 4 3 
30 30 19 17 17 11 11 11 9 9 9 13 13 8 9 9 9 9 2 3 3 2 3 3 2 2 1 0 0 1 1 1 0 0 1 4 4 6 5 5 5 5 4 5 5 5 
30 30 19 17 17 11 11 11 9 9 9 13 13 8 9 9 9 9 2 3 3 2 3 3 2 2 1 0 0 1 1 1 0 0 1 4 4 6 5 5 5 5 4 5 5 5 
26 26 23 16 16 12 10 10 7 7 7 12 12 8 10 10 8 8 3 2 2 2 3 3 1 1 1 1 1 1 3 3 1 1 2 3 3 6 5 5 5 5 4 4 4 5 
26 26 23 16 16 12 10 10 7 7 7 12 12 8 10 10 8 8 3 2 2 2 3 3 1 1 1 1 1 1 3 3 1 1 2 3 3 6 5 5 5 5 4 4 4 5 
30 30 23 15 15 11 11 11 7 7 6 12 12 7 8 8 8 8 4 1 1 3 3 3 2 2 3 3 3 3 5 5 5 5 4 4 4 4 5 5 7 7 5 2 2 2 
34 34 17 14 14 12 10 10 7 7 6 9 9 8 7 7 6 6 6 1 1 2 3 3 4 4 6 7 7 8 11 11 9 9 8 5 5 5 4 4 7 7 9 4 4 1 
34 34 17 14 14 12 10 10 7 7 6 9 9 8 7 7 6 6 6 1 1 2 3 3 4 4 6 7 7 8 11 11 9 9 8 5 5 5 4 4 7 7 9 4 4 1 
39 39 17 15 15 10 9 9 6 6 6 7 7 6 4 4 5 5 6 1 1 1 3 3 5 5 8 9 9 11 15 15 12 12 10 5 5 6 4 4 6 6 8 7 7 4 
42 42 19 14 14 13 10 10 7 7 7 7 7 6 3 3 4 4 5 0 0 0 1 1 3 3 6 7 7 8 12 12 15 15 9 4 4 2 4 4 4 4 6 6 6 7 
42 42 19 14 14 13 10 10 7 7 7 7 7 6 3 3 4 4 5 0 0 0 1 1 3 3 6 7 7 8 12 12 15 15 9 4 4 2 4 4 4 4 6 6 6 7 
46 46 22 17 17 12 11 11 9 9 7 6 6 5 2 2 3 3 4 2 2 0 1 1 1 1 4 4 4 5 7 7 10 10 7 2 2 2 1 1 1 1 3 5 5 4 
46 46 22 17 17 12 11 11 9 9 7 6 6 5 2 2 3 3 4 2 2 0 1 1 1 1 4 4 4 5 7 7 10 10 7 2 2 2 1 1 1 1 3 5 5 4 
58 58 23 20 20 14 12 12 9 9 7 7 7 4 4 4 2 2 2 2 2 1 2 2 2 2 4 4 4 2 3 3 7 7 4 3 3 2 2 2 1 1 2 3 3 4 
63 63 26 22 22 14 12 12 11 11 9 9 9 4 3 3 2 2 1 2 2 1 2 2 4 4 6 4 4 2 2 2 3 3 3 3 3 5 2 2 3 3 3 4 4 4 
63 63 26 22 22 14 12 12 11 11 9 9 9 4 3 3 2 2 1 2 2 1 2 2 4 4 6 4 4 2 2 2 3 3 3 3 3 5 2 2 3 3 3 4 4 4 
61 61 27 22 22 16 11 11 10 10 11 8 8 4 4 4 1 1 1 1 1 0 1 1 4 4 7 4 4 1 2 2 2 2 1 5 5 5 6 6 5 5 4 5 5 5 
66 66 31 25 25 18 12 12 11 11 10 9 9 5 4 4 0 0 0 1 1 1 0 0 3 3 8 3 3 1 1 1 3 3 2 2 2 6 6 6 9 9 6 7 7 6 
66 66 31 25 25 18 12 12 11 11 10 9 9 5 4 4 0 0 0 1 1 1 0 0 3 3 8 3 3 1 1 1 3 3 2 2 2 6 6 6 9 9 6 7 7 6 
47 47 32 27 27 23 15 15 13 13 12 11 11 7 2 2 0 0 0 1 1 1 0 0 3 3 5 2 2 2 2 2 1 1 4 3 3 5 6 6 7 7 9 11 11 9 
47 47 32 27 27 23 15 15 13 13 12 11 11 7 2 2 0 0 0 1 1 1 0 0 3 3 5 2 2 2 2 2 1 1 4 3 3 5 6 6 7 7 9 11 11 9 
43 43 34 30 30 27 19 19 15 15 13 10 10 6 2 2 1 1 0 0 0 1 0 0 3 3 3 1 1 2 2 2 3 3 3 4 4 5 6 6 8 8 8 12 12 12 
41 41 35 34 34 31 20 20 16 16 14 10 10 8 3 3 2 2 0 1 1 1 1 1 3 3 2 2 2 0 1 1 2 2 3 2 2 4 5 5 8 8 8 8 8 14 
41 41 35 34 34 31 20 20 16 16 14 10 10 8 3 3 2 2 0 1 1 1 1 1 3 3 2 2 2 0 1 1 2 2 3 2 2 4 5 5 8 8 8 8 8 14 
33 33 30 32 32 31 21 21 16 16 14 10 10 7 5 5 3 3 1 1 1 1 1 1 2 2 3 3 3 0 1 1 1 1 2 3 3 6 8 8 7 7 9 6 6 10 
32 32 29 34 34 33 23 23 14 14 13 11 11 8 5 5 2 2 1 0 0 1 1 1 2 2 4 3 3 2 5 5 5 5 3 4 4 9 11 11 12 12 10 6 6 9 
32 32 29 34 34 33 23 23 14 14 13 11 11 8 5 5 2 2 1 0 0 1 1 1 2 2 4 3 3 2 5 5 5 5 3 4 4 9 11 11 12 12 10 6 6 9 
29 29 30 38 38 38 27 27 16 16 17 13 13 8 9 9 4 4 2 1 1 2 1 1 2 2 2 4 4 4 7 7 8 8 5 7 7 8 12 12 18 18 18 13 13 13 
29 29 30 38 38 38 27 27 16 16 17 13 13 8 9 9 4 4 2 1 1 2 1 1 2 2 2 4 4 4 7 7 8 8 5 7 7 8 12 12 18 18 18 13 13 13 
28 28 31 43 43 43 33 33 18 18 13 11 11 8 7 7 4 4 1 1 1 2 1 1 2 2 4 4 4 3 9 9 9 9 11 13 13 14 20 20 25 25 21 15 15 14 
31 31 33 41 41 42 36 36 21 21 14 12 12 8 7 7 6 6 2 2 2 3 1 1 1 1 2 2 2 1 8 8 7 7 11 18 18 22 27 27 28 28 22 17 17 16 
31 31 33 41 41 42 36 36 21 21 14 12 12 8 7 7 6 6 2 2 2 3 1 1 1 1 2 2 2 1 8 8 7 7 11 18 18 22 27 27 28 28 22 17 17 16 
29 29 32 42 42 40 42 42 25 25 16 13 13 9 8 8 7 7 3 1 1 3 1 1 1 1 2 1 1 2 5 5 6 6 9 13 13 18 28 28 28 28 22 11 11 13 
33 33 33 46 46 48 40 40 25 25 12 10 10 9 7 7 7 7 4 0 0 2 2 2 1 1 2 2 2 4 4 4 3 3 5 20 20 20 28 28 29 29 24 18 18 13 
33 33 33 46 46 48 40 40 25 25 12 10 10 9 7 7 7 7 4 0 0 2 2 2 1 1 2 2 2 4 4 4 3 3 5 20 20 20 28 28 29 29 24 18 18 13 
37 37 35 45 45 54 50 50 28 28 14 10 10 8 9 9 7 7 4 2 2 2 1 1 1 1 1 1 1 3 4 4 4 4 6 23 23 24 27 27 30 30 31 18 18 18 
37 37 35 45 45 54 50 50 28 28 14 10 10 8 9 9 7 7 4 2 2 2 1 1 1 1 1 1 1 3 4 4 4 4 6 23 23 24 27 27 30 30 31 18 18 18 
32 32 37 44 44 49 38 38 28 28 13 6 6 7 8 8 8 8 5 2 2 2 1 1 1 1 3 2 2 2 4 4 3 3 4 18 18 19 17 17 25 25 23 16 16 15 
21 21 28 31 31 33 31 31 26 26 9 6 6 5 7 7 8 8 4 2 2 3 2 2 2 2 6 5 5 3 2 2 3 3 4 13 13 11 9 9 9 9 9 9 9 9 
21 21 28 31 31 33 31 31 26 26 9 6 6 5 7 7 8 8 4 2 2 3 2 2 2 2 6 5 5 3 2 2 3 3 4 13 13 11 9 9 9 9 9 9 9 9 
22 22 18 23 23 18 17 17 15 15 9 6 6 5 8 8 8 8 3 3 3 2 1 1 2 2 4 2 2 2 2 2 3 3 2 12 12 9 9 9 7 7 6 3 3 6 
24 24 18 17 17 18 15 15 13 13 10 8 8 5 7 7 7 7 3 1 1 2 2 2 2 2 4 4 4 3 1 1 1 1 1 6 6 7 8 8 5 5 3 3 3 5 
24 24 18 17 17 18 15 15 13 13 10 8 8 5 7 7 7 7 3 1 1 2 2 2 2 2 4 4 4 3 1 1 1 1 1 6 6 7 8 8 5 5 3 3 3 5 
23 23 23 18 18 16 13 13 12 12 10 9 9 7 8 8 8 8 4 3 3 1 1 1 3 3 2 3 3 5 4 4 1 1 2 4 4 5 5 5 4 4 4 4 4 11 
23 23 23 18 18 16 13 13 12 12 10 9 9 7 8 8 8 8 4 3 3 1 1 1 3 3 2 3 3 5 4 4 1 1 2 4 4 5 5 5 4 4 4 4 4 11 
24 24 27 21 21 18 13 13 12 12 11 11 11 9 8 8 6 6 3 1 1 1 0 0 1 1 2 4 4 5 4 4 1 1 1 2 2 4 5 5 4 4 4 3 3 11 
30 30 26 20 20 18 13 13 13 13 12 14 14 13 11 11 8 8 5 2 2 1 1 1 2 2 3 2 2 4 4 4 1 1 1 2 2 2 4 4 7 7 7 8 8 13 
30 30 26 20 20 18 13 13 13 13 12 14 14 13 11 11 8 8 5 2 2 1 1 1 2 2 3 2 2 4 4 4 1 1 1 2 2 2 4 4 7 7 7 8 8 13 
37 37 33 24 24 25 17 17 15 15 12 15 15 14 13 13 10 10 6 3 3 3 2 2 3 3 3 5 5 4 2 2 2 2 2 2 2 1 2 2 7 7 8 6 6 7 
44 44 45 38 38 29 18 18 16 16 14 15 15 14 14 14 13 13 8 2 2 3 2 2 2 2 2 4 4 3 3 3 2 2 2 1 1 1 1 1 4 4 3 4 4 5 
44 44 45 38 38 29 18 18 16 16 14 15 15 14 14 14 13 13 8 2 2 3 2 2 2 2 2 4 4 3 3 3 2 2 2 1 1 1 1 1 4 4 3 4 4 5 
51 51 62 67 67 50 26 26 18 18 14 16 16 15 16 16 15 15 9 5 5 3 2 2 2 2 3 4 4 2 4 4 3 3 2 1 1 1 1 1 1 1 2 1 1 3 
51 51 62 67 67 50 26 26 18 18 14 16 16 15 16 16 15 15 9 5 5 3 2 2 2 2 3 4 4 2 4 4 3 3 2 1 1 1 1 1 1 1 2 1 1 3 
55 55 61 72 72 66 43 43 25 25 18 19 19 16 18 18 17 17 10 6 6 4 2 2 4 4 2 5 5 2 6 6 5 5 1 0 0 0 0 0 0 0 1 0 0 1 
55 55 57 67 67 59 53 53 40 40 28 28 28 23 19 19 17 17 10 5 5 4 2 2 3 3 2 4 4 2 5 5 5 5 0 0 0 0 0 0 0 0 1 0 0 0 
55 55 57 67 67 59 53 53 40 40 28 28 28 23 19 19 17 17 10 5 5 4 2 2 3 3 2 4 4 2 5 5 5 5 0 0 0 0 0 0 0 0 1 0 0 0 
72 72 53 59 59 57 47 47 39 39 32 26 26 25 21 21 18 18 16 6 6 5 1 1 2 2 2 4 4 1 1 1 2 2 1 0 0 0 0 0 0 0 0 0 0 0 
84 84 69 70 70 62 44 44 44 44 32 27 27 27 21 21 19 19 17 8 8 7 2 2 2 2 2 4 4 2 1 1 1 1 0 0 0 0 0 0 0 0 0 0 0 0 
84 84 69 70 70 62 44 44 44 44 32 27 27 27 21 21 19 19 17 8 8 7 2 2 2 2 2 4 4 2 1 1 1 1 0 0 0 0 0 0 0 0 0 0 0 0 
108 108 92 80 80 78 55 55 42 42 33 30 30 34 23 23 19 19 17 10 10 9 8 8 5 5 4 3 3 2 1 1 1 1 3 2 2 0 0 0 0 0 0 0 0 0 
108 108 92 80 80 78 55 55 42 42 33 30 30 34 23 23 19 19 17 10 10 9 8 8 5 5 4 3 3 2 1 1 1 1 3 2 2 0 0 0 0 0 0 0 0 0 
127 127 91 93 93 104 80 80 52 52 68 41 41 40 34 34 22 22 17 14 14 10 10 10 8 8 4 2 2 2 3 3 2 2 5 2 2 0 0 0 0 0 0 0 0 0 
114 114 138 110 110 129 107 107 81 81 95 51 51 41 31 31 28 28 23 17 17 13 12 12 8 8 4 2 2 3 4 4 3 3 4 1 1 3 0 0 0 0 0 0 0 0 
114 114 138 110 110 129 107 107 81 81 95 51 51 41 31 31 28 28 23 17 17 13 12 12 8 8 4 2 2 3 4 4 3 3 4 1 1 3 0 0 0 0 0 0 0 0 
115 115 128 122 122 114 132 132 96 96 103 93 93 82 42 42 35 35 30 22 22 20 13 13 8 8 5 5 5 5 1 1 6 6 0 0 0 1 1 1 0 0 0 0 0 1 
115 115 119 114 114 122 116 116 111 111 132 112 112 83 54 54 40 40 35 26 26 22 18 18 16 16 15 15 15 5 4 4 4 4 4 3 3 0 2 2 0 0 1 2 2 6 
115 115 119 114 114 122 116 116 111 111 132 112 112 83 54 54 40 40 35 26 26 22 18 18 16 16 15 15 15 5 4 4 4 4 4 3 3 0 2 2 0 0 1 2 2 6 
104 104 112 102 102 113 111 111 127 127 138 137 137 98 61 61 44 44 44 34 34 28 20 20 17 17 16 10 10 9 13 13 20 20 10 4 4 1 1 1 4 4 1 1 1 2 
104 104 112 102 102 113 111 111 127 127 138 137 137 98 61 61 44 44 44 34 34 28 20 20 17 17 16 10 10 9 13 13 20 20 10 4 4 1 1 1 4 4 1 1 1 2 
72 72 90 106 106 127 129 129 138 138 135 116 116 93 83 83 55 55 51 48 48 32 32 32 21 21 17 21 21 15 15 15 15 15 17 5 5 5 3 3 0 0 2 1 1 1 
67 67 66 87 87 113 133 133 126 126 128 98 98 91 78 78 51 51 47 45 45 42 45 45 33 33 21 23 23 21 16 16 10 10 10 8 8 9 5 5 10 10 10 3 3 2 
67 67 66 87 87 113 133 133 126 126 128 98 98 91 78 78 51 51 47 45 45 42 45 45 33 33 21 23 23 21 16 16 10 10 10 8 8 9 5 5 10 10 10 3 3 2 
65 65 80 74 74 78 75 75 91 91 123 77 77 72 58 58 61 61 66 63 63 61 48 48 31 31 29 28 28 24 21 21 12 12 8 7 7 5 8 8 12 12 11 4 4 1 
60 60 72 61 61 66 66 66 79 79 118 104 104 108 54 54 53 53 58 62 62 51 40 40 35 35 40 32 32 25 19 19 19 19 12 8 8 6 3 3 9 9 14 7 7 0 
