assets/RAT_results_old/precipitation/2024-06-07_IMERG.asc
ncols        46
nrows        77
xllcorner    74.800261325624
yllcorner    8.058333333333
cellsize     0.062500000000
NODATA_value -9999
29 29 29 40 40 44 51 51 46 46 47 47 47 43 39 39 35 35 27 21 21 14 10 10 2 2 0 1 1 4 6 6 5 5 17 20 20 38 38 38 67 67 71 61 61 47 
32 32 37 52 52 62 72 72 74 74 70 66 66 59 53 53 51 51 41 33 33 22 11 11 4 4 3 2 2 6 13 13 8 8 7 12 12 9 18 18 40 40 58 57 57 59 
32 32 37 52 52 62 72 72 74 74 70 66 66 59 53 53 51 51 41 33 33 22 11 11 4 4 3 2 2 6 13 13 8 8 7 12 12 9 18 18 40 40 58 57 57 59 
33 33 42 57 57 73 85 85 85 85 91 87 87 83 81 81 93 93 64 52 52 29 13 13 7 7 6 4 4 6 4 4 4 4 4 10 10 14 48 48 77 77 78 106 106 75 
47 47 41 55 55 66 69 69 71 71 72 74 74 73 73 73 68 68 52 30 30 15 6 6 8 8 5 3 3 6 5 5 3 3 7 14 14 24 65 65 81 81 106 91 91 88 
47 47 41 55 55 66 69 69 71 71 72 74 74 73 73 73 68 68 52 30 30 15 6 6 8 8 5 3 3 6 5 5 3 3 7 14 14 24 65 65 81 81 106 91 91 88 
31 31 47 39 39 43 47 47 46 46 47 50 50 47 43 43 32 32 18 9 9 4 3 3 3 3 5 4 4 3 2 2 2 2 4 5 5 33 45 45 57 57 64 77 77 45 
31 31 47 39 39 43 47 47 46 46 47 50 50 47 43 43 32 32 18 9 9 4 3 3 3 3 5 4 4 3 2 2 2 2 4 5 5 33 45 45 57 57 64 77 77 45 
26 26 37 30 30 32 35 35 35 35 36 38 38 28 19 19 12 12 7 4 4 2 2 2 1 1 4 4 4 4 3 3 3 3 5 5 5 12 21 21 42 42 49 51 51 42 
11 11 10 8 8 9 11 11 11 11 11 11 11 10 10 10 10 10 6 9 9 11 11 11 10 10 12 11 11 9 7 7 6 6 7 11 11 14 24 24 34 34 39 39 39 37 
11 11 10 8 8 9 11 11 11 11 11 11 11 10 10 10 10 10 6 9 9 11 11 11 10 10 12 11 11 9 7 7 6 6 7 11 11 14 24 24 34 34 39 39 39 37 
8 8 8 9 9 7 9 9 11 11 11 12 12 10 9 9 8 8 7 9 9 11 11 11 12 12 11 10 10 9 7 7 8 8 15 16 16 20 22 22 24 24 24 24 24 21 
8 8 7 8 8 7 8 8 11 11 15 20 20 16 13 13 13 13 11 12 12 13 12 12 12 12 9 7 7 5 7 7 8 8 11 13 13 14 12 12 12 12 10 11 11 12 
8 8 7 8 8 7 8 8 11 11 15 20 20 16 13 13 13 13 11 12 12 13 12 12 12 12 9 7 7 5 7 7 8 8 11 13 13 14 12 12 12 12 10 11 11 12 
4 4 4 6 6 5 7 7 7 7 7 8 8 6 6 6 6 6 4 3 3 2 1 1 1 1 1 3 3 4 5 5 6 6 11 14 14 12 11 11 9 9 10 8 8 12 
4 4 4 6 6 5 7 7 7 7 7 8 8 6 6 6 6 6 4 3 3 2 1 1 1 1 1 3 3 4 5 5 6 6 11 14 14 12 11 11 9 9 10 8 8 12 
4 4 3 4 4 5 10 10 10 10 11 12 12 10 9 9 9 9 6 4 4 2 1 1 1 1 5 4 4 7 10 10 14 14 21 24 24 23 19 19 16 16 13 11 11 13 
6 6 5 4 4 5 6 6 10 10 12 11 11 9 7 7 5 5 2 1 1 0 1 1 1 1 3 5 5 7 10 10 15 15 21 20 20 17 13 13 9 9 8 7 7 9 
6 6 5 4 4 5 6 6 10 10 12 11 11 9 7 7 5 5 2 1 1 0 1 1 1 1 3 5 5 7 10 10 15 15 21 20 20 17 13 13 9 9 8 7 7 9 
4 4 3 3 3 2 3 3 4 4 8 8 8 7 6 6 4 4 2 3 3 4 6 6 8 8 11 11 11 13 13 13 14 14 13 11 11 9 5 5 5 5 6 4 4 8 
4 4 4 4 4 5 6 6 7 7 7 11 11 12 10 10 9 9 7 7 7 9 10 10 12 12 13 12 12 12 11 11 9 9 11 7 7 5 5 5 3 3 2 3 3 5 
4 4 4 4 4 5 6 6 7 7 7 11 11 12 10 10 9 9 7 7 7 9 10 10 12 12 13 12 12 12 11 11 9 9 11 7 7 5 5 5 3 3 2 3 3 5 
4 4 5 6 6 7 8 8 10 10 16 25 25 20 18 18 19 19 16 16 16 17 18 18 13 13 13 16 16 16 18 18 12 12 11 10 10 10 9 9 6 6 3 5 5 11 
4 4 5 6 6 7 8 8 10 10 16 25 25 20 18 18 19 19 16 16 16 17 18 18 13 13 13 16 16 16 18 18 12 12 11 10 10 10 9 9 6 6 3 5 5 11 
5 5 5 7 7 11 13 13 13 13 13 13 13 18 15 15 10 10 7 7 7 9 8 8 10 10 17 20 20 15 13 13 6 6 7 9 9 11 13 13 13 13 12 16 16 40 
4 4 4 5 5 6 7 7 8 8 10 9 9 13 16 16 12 12 8 6 6 7 7 7 10 10 10 8 8 8 8 8 10 10 12 14 14 17 20 20 26 26 24 21 21 22 
4 4 4 5 5 6 7 7 8 8 10 9 9 13 16 16 12 12 8 6 6 7 7 7 10 10 10 8 8 8 8 8 10 10 12 14 14 17 20 20 26 26 24 21 21 22 
6 6 5 5 5 7 7 7 6 6 6 6 6 4 5 5 7 7 6 5 5 3 4 4 6 6 8 4 4 7 11 11 12 12 17 19 19 20 27 27 36 36 25 20 20 25 
5 5 6 8 8 10 9 9 8 8 9 9 9 8 8 8 13 13 10 7 7 5 3 3 4 4 6 7 7 9 10 10 10 10 12 16 16 19 26 26 31 31 29 26 26 28 
5 5 6 8 8 10 9 9 8 8 9 9 9 8 8 8 13 13 10 7 7 5 3 3 4 4 6 7 7 9 10 10 10 10 12 16 16 19 26 26 31 31 29 26 26 28 
4 4 5 7 7 7 7 7 10 10 10 13 13 9 8 8 10 10 8 9 9 7 6 6 6 6 8 7 7 8 9 9 11 11 13 16 16 23 31 31 31 31 34 30 30 34 
4 4 5 7 7 7 7 7 10 10 10 13 13 9 8 8 10 10 8 9 9 7 6 6 6 6 8 7 7 8 9 9 11 11 13 16 16 23 31 31 31 31 34 30 30 34 
7 7 9 9 9 9 10 10 12 12 12 12 12 11 11 11 14 14 11 12 12 15 11 11 11 11 10 11 11 13 14 14 13 13 13 19 19 29 36 36 42 42 43 37 37 39 
7 7 9 12 12 13 16 16 14 14 13 13 13 14 13 13 20 20 19 21 21 35 25 25 26 26 19 19 19 27 31 31 27 27 31 37 37 48 43 43 39 39 37 33 33 30 
7 7 9 12 12 13 16 16 14 14 13 13 13 14 13 13 20 20 19 21 21 35 25 25 26 26 19 19 19 27 31 31 27 27 31 37 37 48 43 43 39 39 37 33 33 30 
6 6 7 9 9 10 11 11 13 13 15 20 20 16 21 21 21 21 23 25 25 37 35 35 39 39 34 54 54 64 53 53 43 43 45 47 47 40 42 42 41 41 41 41 41 39 
5 5 7 9 9 10 12 12 17 17 18 24 24 24 27 27 26 26 33 28 28 36 38 38 48 48 57 55 55 76 68 68 54 54 55 48 48 44 50 50 52 52 46 48 48 48 
5 5 7 9 9 10 12 12 17 17 18 24 24 24 27 27 26 26 33 28 28 36 38 38 48 48 57 55 55 76 68 68 54 54 55 48 48 44 50 50 52 52 46 48 48 48 
8 8 14 16 16 16 16 16 21 21 27 17 17 19 27 27 24 24 30 28 28 35 41 41 40 40 46 48 48 66 65 65 48 48 37 34 34 47 69 69 61 61 61 64 64 67 
8 8 14 16 16 16 16 16 21 21 27 17 17 19 27 27 24 24 30 28 28 35 41 41 40 40 46 48 48 66 65 65 48 48 37 34 34 47 69 69 61 61 61 64 64 67 
17 17 23 27 27 26 24 24 29 29 26 22 22 28 32 32 32 32 28 33 33 34 34 34 45 45 54 56 56 53 47 47 43 43 33 29 29 28 26 26 31 31 33 27 27 33 
15 15 18 21 21 22 21 21 19 19 22 36 36 41 45 45 38 38 30 28 28 30 35 35 48 48 50 45 45 47 46 46 39 39 38 34 34 35 31 31 27 27 21 19 19 24 
15 15 18 21 21 22 21 21 19 19 22 36 36 41 45 45 38 38 30 28 28 30 35 35 48 48 50 45 45 47 46 46 39 39 38 34 34 35 31 31 27 27 21 19 19 24 
9 9 11 11 11 11 13 13 19 19 26 32 32 32 29 29 26 26 25 22 22 24 30 30 39 39 44 46 46 48 49 49 42 42 43 49 49 55 46 46 38 38 30 34 34 42 
7 7 8 7 7 10 15 15 18 18 19 20 20 26 24 24 28 28 28 24 24 36 31 31 35 35 37 39 39 46 48 48 39 39 45 49 49 49 47 47 40 40 32 25 25 28 
7 7 8 7 7 10 15 15 18 18 19 20 20 26 24 24 28 28 28 24 24 36 31 31 35 35 37 39 39 46 48 48 39 39 45 49 49 49 47 47 40 40 32 25 25 28 
7 7 7 9 9 12 15 15 17 17 23 31 31 41 36 36 28 28 23 22 22 23 39 39 23 23 29 35 35 53 52 52 46 46 46 44 44 40 37 37 27 27 18 11 11 11 
7 7 7 9 9 12 15 15 17 17 23 31 31 41 36 36 28 28 23 22 22 23 39 39 23 23 29 35 35 53 52 52 46 46 46 44 44 40 37 37 27 27 18 11 11 11 
10 10 9 8 8 10 15 15 22 22 35 48 48 45 32 32 25 25 20 16 16 18 27 27 22 22 29 39 39 50 44 44 34 34 34 34 34 35 34 34 28 28 16 6 6 6 
11 11 12 11 11 14 22 22 30 30 36 36 36 29 25 25 21 21 13 11 11 12 19 19 22 22 24 30 30 46 43 43 27 27 19 20 20 20 23 23 23 23 14 5 5 5 
11 11 12 11 11 14 22 22 30 30 36 36 36 29 25 25 21 21 13 11 11 12 19 19 22 22 24 30 30 46 43 43 27 27 19 20 20 20 23 23 23 23 14 5 5 5 
14 14 15 17 17 22 27 27 30 30 30 27 27 25 24 24 16 16 13 12 12 13 18 18 22 22 26 34 34 38 32 32 23 23 20 16 16 13 14 14 15 15 6 3 3 2 
15 15 16 20 20 24 25 25 27 27 28 26 26 24 19 19 13 13 13 15 15 16 18 18 24 24 26 29 29 29 25 25 22 22 19 16 16 14 11 11 5 5 2 1 1 1 
15 15 16 20 20 24 25 25 27 27 28 26 26 24 19 19 13 13 13 15 15 16 18 18 24 24 26 29 29 29 25 25 22 22 19 16 16 14 11 11 5 5 2 1 1 1 
12 12 14 17 17 21 22 22 27 27 27 23 23 20 20 20 20 20 21 22 22 22 23 23 32 32 33 30 30 32 32 32 28 28 25 20 20 16 11 11 8 8 5 2 2 1 
12 12 14 17 17 21 22 22 27 27 27 23 23 20 20 20 20 20 21 22 22 22 23 23 32 32 33 30 30 32 32 32 28 28 25 20 20 16 11 11 8 8 5 2 2 1 
9 9 11 14 14 19 24 24 23 23 24 31 31 32 36 36 36 36 39 39 39 32 30 30 36 36 30 32 32 35 33 33 29 29 25 19 19 15 11 11 10 10 6 3 3 2 
12 12 14 19 19 24 25 25 24 24 25 25 25 23 23 23 24 24 23 21 21 17 16 16 25 25 27 38 38 43 43 43 35 35 32 25 25 20 15 15 13 13 9 6 6 5 
12 12 14 19 19 24 25 25 24 24 25 25 25 23 23 23 24 24 23 21 21 17 16 16 25 25 27 38 38 43 43 43 35 35 32 25 25 20 15 15 13 13 9 6 6 5 
11 11 13 14 14 16 19 19 21 21 22 23 23 23 23 23 20 20 18 17 17 17 20 20 22 22 36 37 37 42 41 41 33 33 28 23 23 18 13 13 11 11 9 7 7 7 
11 11 12 15 15 18 22 22 22 22 24 25 25 26 24 24 21 21 21 21 21 24 28 28 34 34 47 36 36 37 33 33 25 25 21 18 18 14 9 9 9 9 7 5 5 6 
11 11 12 15 15 18 22 22 22 22 24 25 25 26 24 24 21 21 21 21 21 24 28 28 34 34 47 36 36 37 33 33 25 25 21 18 18 14 9 9 9 9 7 5 5 6 
14 14 20 22 22 27 32 32 29 29 31 32 32 40 37 37 32 32 32 34 34 36 35 35 28 28 23 27 27 23 21 21 15 15 11 8 8 5 7 7 8 8 7 6 6 9 
14 14 20 22 22 27 32 32 29 29 31 32 32 40 37 37 32 32 32 34 34 36 35 35 28 28 23 27 27 23 21 21 15 15 11 8 8 5 7 7 8 8 7 6 6 9 
18 18 21 28 28 31 33 33 39 39 43 39 39 44 46 46 41 41 38 36 36 35 27 27 25 25 20 19 19 22 17 17 14 14 11 7 7 4 6 6 8 8 7 6 6 8 
26 26 25 29 29 41 36 36 36 36 41 39 39 39 39 39 35 35 32 28 28 25 23 23 24 24 19 15 15 16 11 11 7 7 7 10 10 8 6 6 5 5 5 5 5 5 
26 26 25 29 29 41 36 36 36 36 41 39 39 39 39 39 35 35 32 28 28 25 23 23 24 24 19 15 15 16 11 11 7 7 7 10 10 8 6 6 5 5 5 5 5 5 
22 22 27 24 24 30 34 34 42 42 36 35 35 33 36 36 34 34 32 29 29 25 24 24 21 21 16 12 12 13 11 11 7 7 7 12 12 11 11 11 10 10 11 11 11 8 
21 21 21 24 24 29 37 37 31 31 24 25 25 27 37 37 34 34 25 23 23 21 20 20 16 16 13 12 12 9 13 13 18 18 20 18 18 19 19 19 15 15 18 17 17 13 
21 21 21 24 24 29 37 37 31 31 24 25 25 27 37 37 34 34 25 23 23 21 20 20 16 16 13 12 12 9 13 13 18 18 20 18 18 19 19 19 15 15 18 17 17 13 
13 13 12 16 16 18 27 27 29 29 26 25 25 27 27 27 25 25 21 22 22 16 14 14 11 11 8 8 8 9 13 13 27 27 21 16 16 16 15 15 15 15 13 11 11 12 
13 13 12 16 16 18 27 27 29 29 26 25 25 27 27 27 25 25 21 22 22 16 14 14 11 11 8 8 8 9 13 13 27 27 21 16 16 16 15 15 15 15 13 11 11 12 
18 18 16 15 15 18 27 27 32 32 33 31 31 31 33 33 29 29 25 19 19 16 15 15 12 12 11 10 10 9 11 11 14 14 14 12 12 13 16 16 16 16 13 13 13 12 
32 32 35 26 26 25 26 26 29 29 38 28 28 25 24 24 22 22 22 17 17 15 14 14 14 14 13 12 12 13 12 12 12 12 10 12 12 16 14 14 14 14 13 8 8 9 
32 32 35 26 26 25 26 26 29 29 38 28 28 25 24 24 22 22 22 17 17 15 14 14 14 14 13 12 12 13 12 12 12 12 10 12 12 16 14 14 14 14 13 8 8 9 
43 43 45 33 33 33 26 26 27 27 27 21 21 18 17 17 15 15 15 13 13 13 13 13 13 13 13 15 15 18 18 18 18 18 18 18 18 23 23 23 13 13 9 7 7 4 
37 37 31 26 26 24 20 20 19 19 18 15 15 13 12 12 11 11 10 10 10 11 13 13 17 17 20 22 22 25 26 26 29 29 26 20 20 20 17 17 23 23 17 12 12 12 
