assets/RAT_results_old/precipitation/2024-06-30_IMERG.asc
ncols        46
nrows        77
xllcorner    74.800261325624
yllcorner    8.058333333333
cellsize     0.062500000000
NODATA_value -9999
75 75 78 88 88 80 54 54 43 43 39 40 40 47 50 50 46 46 36 28 28 22 14 14 9 9 6 4 4 5 5 5 5 5 5 6 6 6 8 8 11 11 17 15 15 14 
63 63 64 64 64 60 47 47 37 37 34 40 40 44 50 50 51 51 38 31 31 21 13 13 10 10 8 8 8 11 10 10 8 8 7 6 6 6 9 9 14 14 19 17 17 16 
63 63 64 64 64 60 47 47 37 37 34 40 40 44 50 50 51 51 38 31 31 21 13 13 10 10 8 8 8 11 10 10 8 8 7 6 6 6 9 9 14 14 19 17 17 16 
56 56 64 47 47 42 38 38 41 41 41 54 54 58 57 57 51 51 41 31 31 21 12 12 10 10 9 9 9 12 15 15 12 12 10 11 11 13 22 22 21 21 18 17 17 14 
38 38 38 34 34 39 44 44 52 52 48 63 63 64 62 62 55 55 46 37 37 22 16 16 13 13 10 9 9 10 13 13 14 14 15 18 18 23 23 23 21 21 18 15 15 9 
38 38 38 34 34 39 44 44 52 52 48 63 63 64 62 62 55 55 46 37 37 22 16 16 13 13 10 9 9 10 13 13 14 14 15 18 18 23 23 23 21 21 18 15 15 9 
30 30 44 47 47 50 64 64 64 64 51 64 64 65 63 63 63 63 59 46 46 32 18 18 14 14 10 7 7 9 10 10 11 11 13 14 14 14 14 14 14 14 12 6 6 4 
30 30 44 47 47 50 64 64 64 64 51 64 64 65 63 63 63 63 59 46 46 32 18 18 14 14 10 7 7 9 10 10 11 11 13 14 14 14 14 14 14 14 12 6 6 4 
44 44 70 71 71 72 85 85 79 79 76 82 82 64 63 63 69 69 67 60 60 39 26 26 18 18 11 8 8 7 9 9 9 9 7 6 6 5 5 5 5 5 4 2 2 1 
52 52 59 96 96 97 96 96 115 115 112 101 101 88 61 61 59 59 61 50 50 44 33 33 24 24 15 9 9 6 6 6 6 6 6 7 7 6 7 7 6 6 5 5 5 3 
52 52 59 96 96 97 96 96 115 115 112 101 101 88 61 61 59 59 61 50 50 44 33 33 24 24 15 9 9 6 6 6 6 6 6 7 7 6 7 7 6 6 5 5 5 3 
53 53 93 105 105 93 102 102 102 102 138 119 119 91 73 73 56 56 52 40 40 33 25 25 20 20 14 7 7 4 4 4 3 3 4 5 5 5 6 6 10 10 11 9 9 8 
63 63 72 57 57 95 115 115 93 93 93 84 84 78 77 77 67 67 53 28 28 29 22 22 12 12 8 3 3 2 3 3 3 3 4 6 6 8 11 11 17 17 21 19 19 20 
63 63 72 57 57 95 115 115 93 93 93 84 84 78 77 77 67 67 53 28 28 29 22 22 12 12 8 3 3 2 3 3 3 3 4 6 6 8 11 11 17 17 21 19 19 20 
58 58 61 55 55 60 92 92 92 92 76 91 91 86 76 76 68 68 49 27 27 19 19 19 10 10 5 3 3 2 2 2 2 2 6 10 10 13 15 15 18 18 23 32 32 26 
58 58 61 55 55 60 92 92 92 92 76 91 91 86 76 76 68 68 49 27 27 19 19 19 10 10 5 3 3 2 2 2 2 2 6 10 10 13 15 15 18 18 23 32 32 26 
52 52 59 59 59 63 81 81 79 79 81 118 118 96 83 83 77 77 51 36 36 27 23 23 21 21 19 11 11 5 4 4 7 7 10 15 15 21 20 20 21 21 20 21 21 22 
45 45 51 71 71 60 57 57 91 91 84 93 93 104 96 96 90 90 74 49 49 39 36 36 30 30 29 21 21 16 13 13 13 13 11 18 18 21 21 21 22 22 23 25 25 24 
45 45 51 71 71 60 57 57 91 91 84 93 93 104 96 96 90 90 74 49 49 39 36 36 30 30 29 21 21 16 13 13 13 13 11 18 18 21 21 21 22 22 23 25 25 24 
59 59 60 88 88 86 62 62 62 62 93 94 94 89 96 96 100 100 77 64 64 49 43 43 38 38 32 19 19 16 15 15 14 14 13 15 15 18 16 16 16 16 16 20 20 20 
67 67 74 72 72 71 73 73 75 75 70 102 102 94 94 94 92 92 82 74 74 65 55 55 45 45 36 26 26 22 19 19 16 16 13 15 15 16 17 17 16 16 12 14 14 11 
67 67 74 72 72 71 73 73 75 75 70 102 102 94 94 94 92 92 82 74 74 65 55 55 45 45 36 26 26 22 19 19 16 16 13 15 15 16 17 17 16 16 12 14 14 11 
53 53 53 60 60 63 71 71 82 82 79 115 115 102 101 101 110 110 96 78 78 67 61 61 44 44 36 28 28 26 24 24 28 28 26 28 28 27 23 23 15 15 10 6 6 6 
53 53 53 60 60 63 71 71 82 82 79 115 115 102 101 101 110 110 96 78 78 67 61 61 44 44 36 28 28 26 24 24 28 28 26 28 28 27 23 23 15 15 10 6 6 6 
42 42 49 48 48 54 63 63 74 74 75 80 80 91 80 80 75 75 69 60 60 50 39 39 34 34 27 23 23 18 21 21 21 21 22 22 22 19 15 15 11 11 8 3 3 1 
38 38 33 32 32 39 44 44 54 54 66 74 74 94 69 69 66 66 54 48 48 44 37 37 28 28 21 14 14 8 5 5 2 2 2 3 3 4 4 4 4 4 2 1 1 0 
38 38 33 32 32 39 44 44 54 54 66 74 74 94 69 69 66 66 54 48 48 44 37 37 28 28 21 14 14 8 5 5 2 2 2 3 3 4 4 4 4 4 2 1 1 0 
18 18 22 25 25 35 52 52 60 60 59 55 55 56 71 71 45 45 37 36 36 36 29 29 20 20 16 9 9 5 2 2 1 1 1 1 1 1 1 1 0 0 0 0 0 0 
14 14 13 14 14 18 21 21 37 37 30 33 33 31 32 32 33 33 31 32 32 29 20 20 16 16 13 10 10 3 2 2 2 2 1 1 1 0 0 0 0 0 0 0 0 0 
14 14 13 14 14 18 21 21 37 37 30 33 33 31 32 32 33 33 31 32 32 29 20 20 16 16 13 10 10 3 2 2 2 2 1 1 1 0 0 0 0 0 0 0 0 0 
20 20 21 23 23 26 26 26 28 28 32 34 34 35 34 34 36 36 35 34 34 23 14 14 9 9 6 5 5 3 2 2 1 1 0 0 0 0 0 0 0 0 0 0 0 0 
20 20 21 23 23 26 26 26 28 28 32 34 34 35 34 34 36 36 35 34 34 23 14 14 9 9 6 5 5 3 2 2 1 1 0 0 0 0 0 0 0 0 0 0 0 0 
28 28 28 28 28 29 31 31 28 28 27 31 31 34 32 32 37 37 38 39 39 33 26 26 19 19 17 13 13 6 3 3 1 1 0 0 0 0 0 0 0 0 0 0 0 0 
33 33 37 40 40 38 36 36 38 38 31 30 30 30 29 29 49 49 43 41 41 41 39 39 29 29 27 19 19 11 6 6 3 3 1 0 0 0 0 0 0 0 0 0 0 0 
33 33 37 40 40 38 36 36 38 38 31 30 30 30 29 29 49 49 43 41 41 41 39 39 29 29 27 19 19 11 6 6 3 3 1 0 0 0 0 0 0 0 0 0 0 0 
30 30 32 36 36 37 38 38 40 40 39 38 38 37 33 33 35 35 40 30 30 28 29 29 26 26 22 15 15 9 3 3 1 1 0 0 0 0 0 0 0 0 0 0 0 1 
26 26 28 33 33 35 38 38 38 38 35 33 33 37 30 30 28 28 36 31 31 26 25 25 23 23 20 17 17 14 10 10 5 5 2 1 1 1 0 0 0 0 0 0 0 0 
26 26 28 33 33 35 38 38 38 38 35 33 33 37 30 30 28 28 36 31 31 26 25 25 23 23 20 17 17 14 10 10 5 5 2 1 1 1 0 0 0 0 0 0 0 0 
20 20 22 23 23 25 30 30 35 35 34 34 34 38 32 32 28 28 36 34 34 30 27 27 24 24 23 19 19 14 13 13 7 7 3 3 3 2 5 5 6 6 7 6 6 4 
20 20 22 23 23 25 30 30 35 35 34 34 34 38 32 32 28 28 36 34 34 30 27 27 24 24 23 19 19 14 13 13 7 7 3 3 3 2 5 5 6 6 7 6 6 4 
16 16 18 17 17 18 21 21 28 28 27 27 27 29 29 29 26 26 23 22 22 20 18 18 21 21 21 17 17 13 14 14 16 16 17 20 20 22 20 20 16 16 12 9 9 9 
13 13 14 16 16 19 22 22 29 29 31 28 28 28 30 30 26 26 25 32 32 32 30 30 32 32 20 16 16 13 14 14 18 18 18 18 18 25 26 26 19 19 15 12 12 14 
13 13 14 16 16 19 22 22 29 29 31 28 28 28 30 30 26 26 25 32 32 32 30 30 32 32 20 16 16 13 14 14 18 18 18 18 18 25 26 26 19 19 15 12 12 14 
12 12 14 16 16 21 25 25 29 29 31 31 31 27 24 24 21 21 25 29 29 33 39 39 40 40 23 15 15 17 38 38 35 35 30 22 22 21 19 19 18 18 13 9 9 8 
12 12 15 19 19 25 32 32 34 34 34 28 28 25 20 20 17 17 18 18 18 20 19 19 14 14 11 7 7 12 14 14 17 17 14 11 11 9 10 10 9 9 7 4 4 3 
12 12 15 19 19 25 32 32 34 34 34 28 28 25 20 20 17 17 18 18 18 20 19 19 14 14 11 7 7 12 14 14 17 17 14 11 11 9 10 10 9 9 7 4 4 3 
14 14 20 31 31 40 41 41 45 45 40 34 34 27 23 23 21 21 18 11 11 7 5 5 5 5 4 5 5 7 6 6 5 5 5 8 8 8 6 6 4 4 2 1 1 1 
14 14 20 31 31 40 41 41 45 45 40 34 34 27 23 23 21 21 18 11 11 7 5 5 5 5 4 5 5 7 6 6 5 5 5 8 8 8 6 6 4 4 2 1 1 1 
23 23 31 37 37 42 46 46 52 52 47 37 37 23 18 18 15 15 13 11 11 9 10 10 14 14 20 14 14 10 8 8 8 8 8 7 7 5 4 4 2 2 1 0 0 0 
20 20 19 26 26 31 41 41 45 45 48 44 44 39 31 31 33 33 28 26 26 25 25 25 25 25 26 19 19 12 10 10 7 7 4 3 3 2 2 2 2 2 1 0 0 0 
20 20 19 26 26 31 41 41 45 45 48 44 44 39 31 31 33 33 28 26 26 25 25 25 25 25 26 19 19 12 10 10 7 7 4 3 3 2 2 2 2 2 1 0 0 0 
7 7 9 13 13 16 22 22 26 26 30 32 32 31 23 23 16 16 20 25 25 27 28 28 24 24 15 13 13 15 16 16 9 9 4 3 3 3 1 1 1 1 1 0 0 0 
7 7 8 10 10 13 17 17 22 22 24 24 24 17 12 12 8 8 7 5 5 5 5 5 8 8 8 12 12 14 14 14 9 9 2 3 3 3 2 2 1 1 0 0 0 0 
7 7 8 10 10 13 17 17 22 22 24 24 24 17 12 12 8 8 7 5 5 5 5 5 8 8 8 12 12 14 14 14 9 9 2 3 3 3 2 2 1 1 0 0 0 0 
5 5 6 7 7 10 13 13 18 18 22 22 22 14 12 12 8 8 6 4 4 4 4 4 7 7 7 8 8 7 6 6 2 2 2 2 2 2 1 1 0 0 0 0 0 0 
5 5 6 7 7 10 13 13 18 18 22 22 22 14 12 12 8 8 6 4 4 4 4 4 7 7 7 8 8 7 6 6 2 2 2 2 2 2 1 1 0 0 0 0 0 0 
5 5 7 8 8 11 14 14 20 20 23 24 24 17 14 14 10 10 5 5 5 5 4 4 9 9 18 9 9 3 4 4 1 1 1 0 0 1 0 0 0 0 0 1 1 2 
10 10 11 18 18 20 27 27 31 31 35 32 32 27 27 27 25 25 20 19 19 14 9 9 8 8 9 6 6 3 1 1 0 0 0 0 0 0 0 0 0 0 0 0 0 2 
10 10 11 18 18 20 27 27 31 31 35 32 32 27 27 27 25 25 20 19 19 14 9 9 8 8 9 6 6 3 1 1 0 0 0 0 0 0 0 0 0 0 0 0 0 2 
9 9 12 16 16 22 31 31 41 41 47 55 55 52 46 46 37 37 29 17 17 12 10 10 8 8 10 10 10 6 2 2 0 0 0 0 0 0 0 0 0 0 0 0 0 0 
7 7 8 10 10 15 22 22 31 31 36 38 38 44 39 39 29 29 20 18 18 16 14 14 10 10 12 7 7 5 2 2 1 1 2 0 0 0 0 0 0 0 0 0 0 0 
7 7 8 10 10 15 22 22 31 31 36 38 38 44 39 39 29 29 20 18 18 16 14 14 10 10 12 7 7 5 2 2 1 1 2 0 0 0 0 0 0 0 0 0 0 0 
4 4 5 7 7 10 14 14 18 18 17 19 19 23 25 25 21 21 17 18 18 15 13 13 11 11 8 4 4 2 1 1 2 2 3 2 2 0 0 0 0 0 0 0 0 0 
4 4 5 7 7 10 14 14 18 18 17 19 19 23 25 25 21 21 17 18 18 15 13 13 11 11 8 4 4 2 1 1 2 2 3 2 2 0 0 0 0 0 0 0 0 0 
5 5 5 7 7 9 11 11 11 11 8 7 7 9 12 12 16 16 17 15 15 9 4 4 3 3 2 3 3 2 1 1 1 1 1 1 1 0 0 0 0 0 0 0 0 0 
5 5 8 11 11 13 14 14 11 11 7 6 6 8 11 11 16 16 18 16 16 11 7 7 5 5 3 3 3 5 1 1 1 1 1 0 0 0 0 0 0 0 0 0 0 0 
5 5 8 11 11 13 14 14 11 11 7 6 6 8 11 11 16 16 18 16 16 11 7 7 5 5 3 3 3 5 1 1 1 1 1 0 0 0 0 0 0 0 0 0 0 0 
8 8 11 12 12 12 11 11 7 7 5 6 6 8 11 11 15 15 18 15 15 10 7 7 6 6 5 4 4 4 2 2 1 1 2 2 2 2 0 0 0 0 0 0 0 0 
9 9 12 14 14 14 11 11 7 7 4 4 4 6 9 9 12 12 16 14 14 11 9 9 7 7 7 4 4 3 4 4 4 4 5 3 3 0 0 0 0 0 0 0 0 0 
9 9 12 14 14 14 11 11 7 7 4 4 4 6 9 9 12 12 16 14 14 11 9 9 7 7 7 4 4 3 4 4 4 4 5 3 3 0 0 0 0 0 0 0 0 0 
6 6 7 8 8 7 4 4 3 3 2 3 3 4 6 6 7 7 9 10 10 10 11 11 12 12 10 7 7 3 2 2 4 4 2 1 1 0 0 0 0 0 0 0 0 0 
6 6 7 8 8 7 4 4 3 3 2 3 3 4 6 6 7 7 9 10 10 10 11 11 12 12 10 7 7 3 2 2 4 4 2 1 1 0 0 0 0 0 0 0 0 0 
3 3 3 3 3 2 1 1 1 1 1 1 1 2 4 4 5 5 5 5 5 6 7 7 7 7 6 5 5 4 4 4 3 3 3 2 2 2 0 0 0 0 0 0 0 0 
2 2 1 1 1 1 1 1 1 1 1 2 2 2 2 2 2 2 3 4 4 4 5 5 4 4 3 3 3 3 3 3 3 3 2 1 1 1 0 0 0 0 0 0 0 0 
2 2 1 1 1 1 1 1 1 1 1 2 2 2 2 2 2 2 3 4 4 4 5 5 4 4 3 3 3 3 3 3 3 3 2 1 1 1 0 0 0 0 0 0 0 0 
1 1 1 1 1 2 2 2 3 3 2 3 3 2 1 1 1 1 1 2 2 3 7 7 4 4 3 3 3 3 2 2 1 1 0 0 0 0 0 0 0 0 0 0 0 0 
1 1 1 2 2 3 3 3 3 3 2 3 3 3 0 0 1 1 1 2 2 2 6 6 6 6 2 2 2 2 3 3 2 2 1 1 1 0 0 0 0 0 0 0 0 0 
