assets/RAT_results_old/precipitation/2024-08-05_IMERG.asc
ncols        46
nrows        77
xllcorner    74.800261325624
yllcorner    8.058333333333
cellsize     0.062500000000
NODATA_value -9999
15 15 14 17 17 9 10 10 17 17 21 29 29 21 19 19 5 5 1 1 1 2 5 5 7 7 6 7 7 9 11 11 16 16 19 24 24 31 29 29 31 31 32 23 23 23 
6 6 8 15 15 12 12 12 23 23 29 23 23 17 9 9 5 5 2 2 2 2 2 2 4 4 4 5 5 7 8 8 11 11 14 16 16 19 17 17 20 20 22 23 23 23 
6 6 8 15 15 12 12 12 23 23 29 23 23 17 9 9 5 5 2 2 2 2 2 2 4 4 4 5 5 7 8 8 11 11 14 16 16 19 17 17 20 20 22 23 23 23 
7 7 8 15 15 11 12 12 16 16 27 21 21 23 16 16 6 6 3 2 2 2 3 3 4 4 3 3 3 4 5 5 6 6 7 9 9 10 12 12 13 13 14 15 15 15 
6 6 6 5 5 13 20 20 12 12 13 16 16 17 13 13 5 5 2 1 1 1 2 2 3 3 2 2 2 2 3 3 3 3 2 4 4 4 6 6 10 10 9 9 9 10 
6 6 6 5 5 13 20 20 12 12 13 16 16 17 13 13 5 5 2 1 1 1 2 2 3 3 2 2 2 2 3 3 3 3 2 4 4 4 6 6 10 10 9 9 9 10 
7 7 14 21 21 16 38 38 23 23 11 19 19 16 14 14 6 6 1 1 1 1 1 1 1 1 1 1 1 1 2 2 2 2 2 2 2 4 5 5 6 6 7 9 9 10 
7 7 14 21 21 16 38 38 23 23 11 19 19 16 14 14 6 6 1 1 1 1 1 1 1 1 1 1 1 1 2 2 2 2 2 2 2 4 5 5 6 6 7 9 9 10 
6 6 11 25 25 17 13 13 24 24 21 29 29 19 11 11 10 10 4 7 7 0 0 0 1 1 1 1 1 1 1 1 1 1 1 2 2 2 3 3 5 5 7 9 9 14 
23 23 12 29 29 14 14 14 22 22 25 34 34 56 19 19 15 15 13 13 13 11 7 7 0 0 1 1 1 1 1 1 2 2 2 1 1 2 2 2 2 2 3 7 7 8 
23 23 12 29 29 14 14 14 22 22 25 34 34 56 19 19 15 15 13 13 13 11 7 7 0 0 1 1 1 1 1 1 2 2 2 1 1 2 2 2 2 2 3 7 7 8 
29 29 18 28 28 27 15 15 14 14 19 37 37 46 41 41 28 28 18 11 11 17 4 4 0 0 0 1 1 2 1 1 2 2 2 2 2 9 4 4 1 1 2 3 3 7 
52 52 26 21 21 28 13 13 15 15 21 24 24 42 29 29 29 29 11 2 2 5 1 1 0 0 0 0 0 1 1 1 2 2 7 7 7 11 10 10 16 16 6 2 2 3 
52 52 26 21 21 28 13 13 15 15 21 24 24 42 29 29 29 29 11 2 2 5 1 1 0 0 0 0 0 1 1 1 2 2 7 7 7 11 10 10 16 16 6 2 2 3 
20 20 19 18 18 11 23 23 21 21 20 24 24 20 23 23 22 22 10 1 1 1 1 1 0 0 0 0 0 0 1 1 2 2 9 11 11 10 19 19 15 15 11 3 3 2 
20 20 19 18 18 11 23 23 21 21 20 24 24 20 23 23 22 22 10 1 1 1 1 1 0 0 0 0 0 0 1 1 2 2 9 11 11 10 19 19 15 15 11 3 3 2 
23 23 22 18 18 10 18 18 18 18 12 18 18 16 11 11 4 4 3 1 1 2 2 2 2 2 2 1 1 2 6 6 6 6 2 6 6 4 3 3 2 2 2 1 1 1 
23 23 22 19 19 10 10 10 16 16 18 17 17 13 6 6 4 4 2 1 1 2 4 4 5 5 4 3 3 3 7 7 7 7 16 7 7 2 2 2 3 3 1 1 1 2 
23 23 22 19 19 10 10 10 16 16 18 17 17 13 6 6 4 4 2 1 1 2 4 4 5 5 4 3 3 3 7 7 7 7 16 7 7 2 2 2 3 3 1 1 1 2 
27 27 17 15 15 8 5 5 4 4 11 15 15 10 7 7 3 3 2 2 2 3 3 3 6 6 8 5 5 5 6 6 11 11 8 5 5 5 4 4 5 5 4 2 2 4 
32 32 20 11 11 12 5 5 5 5 8 15 15 12 15 15 7 7 5 6 6 10 10 10 11 11 13 9 9 7 9 9 15 15 7 6 6 6 8 8 9 9 9 8 8 11 
32 32 20 11 11 12 5 5 5 5 8 15 15 12 15 15 7 7 5 6 6 10 10 10 11 11 13 9 9 7 9 9 15 15 7 6 6 6 8 8 9 9 9 8 8 11 
31 31 28 18 18 20 17 17 16 16 12 21 21 11 13 13 15 15 13 15 15 17 16 16 14 14 16 16 16 12 12 12 12 12 13 11 11 13 15 15 14 14 14 16 16 21 
31 31 28 18 18 20 17 17 16 16 12 21 21 11 13 13 15 15 13 15 15 17 16 16 14 14 16 16 16 12 12 12 12 12 13 11 11 13 15 15 14 14 14 16 16 21 
33 33 27 15 15 15 19 19 11 11 12 5 5 10 11 11 14 14 17 15 15 18 16 16 18 18 23 16 16 13 14 14 16 16 16 16 16 17 16 16 13 13 16 18 18 22 
32 32 28 14 14 14 9 9 9 9 4 4 4 5 12 12 12 12 10 11 11 14 14 14 18 18 21 18 18 16 13 13 15 15 14 19 19 20 17 17 15 15 14 15 15 13 
32 32 28 14 14 14 9 9 9 9 4 4 4 5 12 12 12 12 10 11 11 14 14 14 18 18 21 18 18 16 13 13 15 15 14 19 19 20 17 17 15 15 14 15 15 13 
40 40 29 20 20 6 7 7 4 4 5 4 4 3 3 3 13 13 10 9 9 10 6 6 9 9 13 14 14 13 12 12 14 14 11 14 14 16 16 16 18 18 14 15 15 14 
39 39 27 26 26 13 5 5 4 4 5 6 6 7 2 2 7 7 6 4 4 4 2 2 2 2 4 3 3 4 6 6 8 8 9 14 14 14 14 14 16 16 10 6 6 6 
39 39 27 26 26 13 5 5 4 4 5 6 6 7 2 2 7 7 6 4 4 4 2 2 2 2 4 3 3 4 6 6 8 8 9 14 14 14 14 14 16 16 10 6 6 6 
44 44 27 27 27 16 5 5 7 7 12 14 14 14 8 8 16 16 7 2 2 1 1 1 1 1 2 2 2 2 3 3 2 2 2 3 3 3 4 4 4 4 4 4 4 5 
44 44 27 27 27 16 5 5 7 7 12 14 14 14 8 8 16 16 7 2 2 1 1 1 1 1 2 2 2 2 3 3 2 2 2 3 3 3 4 4 4 4 4 4 4 5 
60 60 44 37 37 27 13 13 13 13 17 32 32 19 11 11 13 13 9 3 3 1 1 1 1 1 1 1 1 1 1 1 1 1 1 1 1 2 3 3 2 2 2 2 2 2 
48 48 30 24 24 18 12 12 15 15 16 18 18 16 9 9 10 10 10 5 5 5 7 7 1 1 1 1 1 1 2 2 2 2 2 3 3 3 3 3 3 3 2 1 1 2 
48 48 30 24 24 18 12 12 15 15 16 18 18 16 9 9 10 10 10 5 5 5 7 7 1 1 1 1 1 1 2 2 2 2 2 3 3 3 3 3 3 3 2 1 1 2 
39 39 29 17 17 8 10 10 10 10 11 9 9 7 5 5 4 4 12 9 9 10 13 13 9 9 4 4 4 4 4 4 4 4 4 4 4 3 3 3 2 2 1 1 1 1 
15 15 17 16 16 15 16 16 7 7 5 5 5 5 6 6 5 5 13 15 15 14 12 12 11 11 8 8 8 8 7 7 4 4 7 8 8 6 5 5 3 3 3 3 3 5 
15 15 17 16 16 15 16 16 7 7 5 5 5 5 6 6 5 5 13 15 15 14 12 12 11 11 8 8 8 8 7 7 4 4 7 8 8 6 5 5 3 3 3 3 3 5 
24 24 23 17 17 14 14 14 7 7 4 5 5 10 4 4 1 1 3 9 9 9 15 15 4 4 8 5 5 4 7 7 6 6 22 18 18 8 22 22 10 10 9 5 5 17 
24 24 23 17 17 14 14 14 7 7 4 5 5 10 4 4 1 1 3 9 9 9 15 15 4 4 8 5 5 4 7 7 6 6 22 18 18 8 22 22 10 10 9 5 5 17 
27 27 32 32 32 35 38 38 26 26 17 12 12 9 15 15 1 1 1 3 3 6 8 8 8 8 4 2 2 3 8 8 11 11 18 18 18 17 20 20 24 24 18 16 16 17 
29 29 28 24 24 28 36 36 26 26 19 13 13 9 7 7 1 1 1 6 6 10 15 15 24 24 8 2 2 7 12 12 14 14 22 16 16 18 20 20 23 23 17 15 15 18 
29 29 28 24 24 28 36 36 26 26 19 13 13 9 7 7 1 1 1 6 6 10 15 15 24 24 8 2 2 7 12 12 14 14 22 16 16 18 20 20 23 23 17 15 15 18 
32 32 28 24 24 20 18 18 10 10 8 5 5 7 8 8 5 5 1 2 2 10 29 29 14 14 13 3 3 8 9 9 14 14 20 16 16 17 17 17 21 21 25 23 23 24 
12 12 10 9 9 8 6 6 4 4 5 6 6 4 5 5 4 4 2 1 1 7 21 21 10 10 4 1 1 5 7 7 13 13 14 15 15 13 9 9 18 18 10 21 21 11 
12 12 10 9 9 8 6 6 4 4 5 6 6 4 5 5 4 4 2 1 1 7 21 21 10 10 4 1 1 5 7 7 13 13 14 15 15 13 9 9 18 18 10 21 21 11 
7 7 10 17 17 11 6 6 4 4 3 4 4 4 4 4 3 3 2 1 1 2 9 9 6 6 1 1 1 5 4 4 7 7 4 4 4 5 3 3 4 4 5 6 6 11 
7 7 10 17 17 11 6 6 4 4 3 4 4 4 4 4 3 3 2 1 1 2 9 9 6 6 1 1 1 5 4 4 7 7 4 4 4 5 3 3 4 4 5 6 6 11 
10 10 20 23 23 12 4 4 2 2 1 2 2 3 1 1 3 3 0 0 0 1 2 2 6 6 3 2 2 3 4 4 5 5 5 5 5 3 3 3 4 4 6 11 11 14 
12 12 27 8 8 3 1 1 1 1 1 2 2 2 1 1 1 1 0 0 0 0 0 0 4 4 4 4 4 5 5 5 5 5 6 5 5 3 2 2 3 3 6 5 5 7 
12 12 27 8 8 3 1 1 1 1 1 2 2 2 1 1 1 1 0 0 0 0 0 0 4 4 4 4 4 5 5 5 5 5 6 5 5 3 2 2 3 3 6 5 5 7 
11 11 10 4 4 3 1 1 1 1 1 1 1 1 0 0 0 0 0 0 0 0 0 0 3 3 4 3 3 5 6 6 7 7 8 12 12 10 8 8 6 6 5 5 5 10 
11 11 6 5 5 2 1 1 2 2 1 0 0 0 0 0 0 0 0 0 0 0 0 0 2 2 3 3 3 5 5 5 9 9 10 12 12 10 7 7 7 7 10 13 13 24 
11 11 6 5 5 2 1 1 2 2 1 0 0 0 0 0 0 0 0 0 0 0 0 0 2 2 3 3 3 5 5 5 9 9 10 12 12 10 7 7 7 7 10 13 13 24 
17 17 11 6 6 4 1 1 1 1 0 0 0 0 0 0 0 0 0 0 0 0 0 0 2 2 4 2 2 3 3 3 9 9 11 12 12 12 15 15 7 7 19 22 22 29 
17 17 11 6 6 4 1 1 1 1 0 0 0 0 0 0 0 0 0 0 0 0 0 0 2 2 4 2 2 3 3 3 9 9 11 12 12 12 15 15 7 7 19 22 22 29 
30 30 19 9 9 2 1 1 1 1 0 0 0 0 0 0 0 0 0 0 0 0 0 0 2 2 2 2 2 2 2 2 7 7 7 7 7 6 8 8 5 5 11 12 12 12 
15 15 5 4 4 1 1 1 0 0 0 0 0 0 0 0 0 0 0 0 0 0 0 0 0 0 2 2 2 1 1 1 1 1 2 2 2 3 3 3 1 1 11 9 9 5 
15 15 5 4 4 1 1 1 0 0 0 0 0 0 0 0 0 0 0 0 0 0 0 0 0 0 2 2 2 1 1 1 1 1 2 2 2 3 3 3 1 1 11 9 9 5 
7 7 3 2 2 1 0 0 0 0 0 0 0 0 0 0 0 0 0 0 0 0 0 0 0 0 1 2 2 1 1 1 1 1 1 1 1 1 2 2 1 1 1 0 0 0 
5 5 3 2 2 1 1 1 0 0 0 0 0 0 0 0 0 0 0 0 0 0 0 0 0 0 0 0 0 1 1 1 1 1 1 1 1 1 3 3 1 1 1 1 1 1 
5 5 3 2 2 1 1 1 0 0 0 0 0 0 0 0 0 0 0 0 0 0 0 0 0 0 0 0 0 1 1 1 1 1 1 1 1 1 3 3 1 1 1 1 1 1 
4 4 2 2 2 0 0 0 0 0 0 0 0 0 0 0 0 0 1 1 1 1 1 1 0 0 0 2 2 1 1 1 1 1 1 1 1 2 3 3 2 2 1 1 1 2 
4 4 2 2 2 0 0 0 0 0 0 0 0 0 0 0 0 0 1 1 1 1 1 1 0 0 0 2 2 1 1 1 1 1 1 1 1 2 3 3 2 2 1 1 1 2 
2 2 2 1 1 1 1 1 0 0 0 1 1 1 0 0 0 0 1 0 0 0 1 1 1 1 0 0 0 1 1 1 1 1 1 4 4 5 3 3 1 1 0 1 1 2 
2 2 1 1 1 1 1 1 1 1 1 0 0 0 0 0 0 0 0 0 0 1 1 1 0 0 0 0 0 1 0 0 0 0 1 2 2 5 2 2 1 1 0 0 0 0 
2 2 1 1 1 1 1 1 1 1 1 0 0 0 0 0 0 0 0 0 0 1 1 1 0 0 0 0 0 1 0 0 0 0 1 2 2 5 2 2 1 1 0 0 0 0 
6 6 5 5 5 4 2 2 3 3 4 2 2 4 1 1 1 1 1 0 0 0 0 0 0 0 0 0 0 0 0 0 0 0 1 4 4 3 2 2 1 1 2 2 2 1 
12 12 10 10 10 9 9 9 7 7 6 6 6 5 4 4 1 1 1 0 0 0 0 0 0 0 0 0 0 0 0 0 1 1 7 3 3 0 0 0 2 2 4 4 4 3 
12 12 10 10 10 9 9 9 7 7 6 6 6 5 4 4 1 1 1 0 0 0 0 0 0 0 0 0 0 0 0 0 1 1 7 3 3 0 0 0 2 2 4 4 4 3 
12 12 12 12 12 12 9 9 9 9 9 8 8 8 6 6 3 3 2 1 1 1 1 1 1 1 1 0 0 1 1 1 1 1 4 2 2 1 0 0 1 1 2 2 2 3 
12 12 12 12 12 12 9 9 9 9 9 8 8 8 6 6 3 3 2 1 1 1 1 1 1 1 1 0 0 1 1 1 1 1 4 2 2 1 0 0 1 1 2 2 2 3 
14 14 15 16 16 16 13 13 10 10 7 10 10 8 4 4 2 2 2 1 1 0 1 1 1 1 1 0 0 1 0 0 0 0 3 0 0 0 0 0 0 0 0 0 0 0 
15 15 15 15 15 16 13 13 10 10 9 8 8 7 5 5 4 4 2 1 1 0 0 0 0 0 0 0 0 0 0 0 0 0 0 0 0 0 0 0 0 0 0 0 0 0 
15 15 15 15 15 16 13 13 10 10 9 8 8 7 5 5 4 4 2 1 1 0 0 0 0 0 0 0 0 0 0 0 0 0 0 0 0 0 0 0 0 0 0 0 0 0 
16 16 15 15 15 14 12 12 9 9 8 6 6 6 4 4 3 3 1 0 0 1 1 1 1 1 0 0 0 0 0 0 0 0 0 0 0 0 0 0 0 0 0 0 0 0 
12 12 12 12 12 10 8 8 5 5 4 4 4 5 3 3 3 3 0 0 0 0 0 0 1 1 0 0 0 0 0 0 0 0 0 0 0 0 0 0 0 0 0 0 0 0 
