assets/RAT_results_old/precipitation/2024-08-14_IMERG.asc
ncols        46
nrows        77
xllcorner    74.800261325624
yllcorner    8.058333333333
cellsize     0.062500000000
NODATA_value -9999
16 16 15 7 7 5 6 6 5 5 4 2 2 1 1 1 0 0 0 0 0 0 0 0 0 0 0 0 0 0 0 0 0 0 0 0 0 0 0 0 0 0 0 0 0 0 
13 13 15 8 8 5 3 3 4 4 2 1 1 0 1 1 0 0 0 0 0 0 0 0 0 0 0 0 0 0 0 0 0 0 0 0 0 0 0 0 0 0 0 0 0 0 
13 13 15 8 8 5 3 3 4 4 2 1 1 0 1 1 0 0 0 0 0 0 0 0 0 0 0 0 0 0 0 0 0 0 0 0 0 0 0 0 0 0 0 0 0 0 
7 7 16 17 17 14 7 7 5 5 4 3 3 0 0 0 0 0 0 0 0 0 0 0 0 0 0 0 0 0 0 0 0 0 0 0 0 0 0 0 0 0 0 0 0 0 
8 8 12 18 18 11 5 5 2 2 1 2 2 3 2 2 1 1 0 0 0 0 0 0 0 0 0 0 0 0 0 0 0 0 0 0 0 0 0 0 0 0 0 0 0 1 
8 8 12 18 18 11 5 5 2 2 1 2 2 3 2 2 1 1 0 0 0 0 0 0 0 0 0 0 0 0 0 0 0 0 0 0 0 0 0 0 0 0 0 0 0 1 
5 5 6 5 5 2 2 2 1 1 2 3 3 4 5 5 3 3 1 1 1 1 0 0 0 0 0 0 0 0 0 0 0 0 0 0 0 0 1 1 3 3 5 6 6 6 
5 5 6 5 5 2 2 2 1 1 2 3 3 4 5 5 3 3 1 1 1 1 0 0 0 0 0 0 0 0 0 0 0 0 0 0 0 0 1 1 3 3 5 6 6 6 
6 6 5 3 3 2 2 2 2 2 2 2 2 3 3 3 5 5 2 2 2 2 1 1 0 0 0 0 0 0 0 0 0 0 0 0 0 2 1 1 2 2 4 5 5 5 
9 9 6 6 6 4 3 3 3 3 3 3 3 2 2 2 2 2 2 1 1 2 2 2 2 2 2 2 2 1 2 2 1 1 2 3 3 3 6 6 8 8 3 8 8 7 
9 9 6 6 6 4 3 3 3 3 3 3 3 2 2 2 2 2 2 1 1 2 2 2 2 2 2 2 2 1 2 2 1 1 2 3 3 3 6 6 8 8 3 8 8 7 
6 6 4 4 4 4 3 3 3 3 4 4 4 4 3 3 5 5 2 2 2 2 2 2 1 1 2 3 3 4 6 6 6 6 10 9 9 14 16 16 15 15 9 8 8 2 
7 7 4 2 2 3 4 4 4 4 7 7 7 5 3 3 4 4 2 3 3 3 4 4 5 5 7 10 10 13 16 16 15 15 21 16 16 17 10 10 9 9 11 7 7 5 
7 7 4 2 2 3 4 4 4 4 7 7 7 5 3 3 4 4 2 3 3 3 4 4 5 5 7 10 10 13 16 16 15 15 21 16 16 17 10 10 9 9 11 7 7 5 
7 7 6 2 2 2 7 7 4 4 7 8 8 4 4 4 11 11 7 5 5 5 10 10 11 11 14 20 20 24 28 28 30 30 30 28 28 32 30 30 30 30 29 25 25 16 
7 7 6 2 2 2 7 7 4 4 7 8 8 4 4 4 11 11 7 5 5 5 10 10 11 11 14 20 20 24 28 28 30 30 30 28 28 32 30 30 30 30 29 25 25 16 
13 13 7 3 3 4 7 7 7 7 9 11 11 15 8 8 10 10 13 8 8 12 20 20 21 21 24 38 38 44 54 54 60 60 61 63 63 53 45 45 43 43 37 32 32 17 
15 15 10 6 6 4 4 4 6 6 8 10 10 16 10 10 8 8 13 22 22 27 23 23 31 31 46 58 58 73 86 86 85 85 99 79 79 67 53 53 56 56 54 46 46 39 
15 15 10 6 6 4 4 4 6 6 8 10 10 16 10 10 8 8 13 22 22 27 23 23 31 31 46 58 58 73 86 86 85 85 99 79 79 67 53 53 56 56 54 46 46 39 
11 11 9 6 6 5 4 4 5 5 11 12 12 12 13 13 13 13 18 22 22 28 24 24 29 29 38 42 42 52 58 58 75 75 84 72 72 51 41 41 39 39 39 37 37 26 
11 11 6 5 5 5 6 6 6 6 7 15 15 15 16 16 21 21 23 25 25 26 22 22 28 28 37 41 41 58 65 65 75 75 72 72 72 61 49 49 37 37 29 26 26 24 
11 11 6 5 5 5 6 6 6 6 7 15 15 15 16 16 21 21 23 25 25 26 22 22 28 28 37 41 41 58 65 65 75 75 72 72 72 61 49 49 37 37 29 26 26 24 
13 13 7 5 5 5 6 6 5 5 5 10 10 12 18 18 19 19 25 24 24 22 24 24 27 27 36 36 36 39 48 48 62 62 64 66 66 60 46 46 35 35 26 20 20 19 
13 13 7 5 5 5 6 6 5 5 5 10 10 12 18 18 19 19 25 24 24 22 24 24 27 27 36 36 36 39 48 48 62 62 64 66 66 60 46 46 35 35 26 20 20 19 
12 12 6 5 5 5 5 5 5 5 6 6 6 13 19 19 22 22 30 41 41 21 18 18 21 21 26 28 28 34 42 42 45 45 47 47 47 47 45 45 40 40 35 29 29 26 
14 14 6 4 4 3 4 4 5 5 6 7 7 4 22 22 28 28 32 27 27 23 33 33 28 28 27 27 27 33 34 34 39 39 43 44 44 40 46 46 42 42 45 32 32 29 
14 14 6 4 4 3 4 4 5 5 6 7 7 4 22 22 28 28 32 27 27 23 33 33 28 28 27 27 27 33 34 34 39 39 43 44 44 40 46 46 42 42 45 32 32 29 
12 12 7 3 3 2 2 2 3 3 3 4 4 4 11 11 21 21 25 32 32 34 33 33 33 33 38 32 32 38 33 33 42 42 42 45 45 51 55 55 50 50 42 30 30 31 
7 7 5 2 2 2 3 3 3 3 2 3 3 2 2 2 10 10 14 18 18 27 28 28 25 25 36 34 34 35 43 43 35 35 41 41 41 39 58 58 48 48 48 43 43 37 
7 7 5 2 2 2 3 3 3 3 2 3 3 2 2 2 10 10 14 18 18 27 28 28 25 25 36 34 34 35 43 43 35 35 41 41 41 39 58 58 48 48 48 43 43 37 
4 4 4 2 2 3 3 3 3 3 3 3 3 2 2 2 10 10 9 15 15 15 18 18 16 16 33 31 31 33 43 43 31 31 34 39 39 40 48 48 52 52 45 38 38 31 
4 4 4 2 2 3 3 3 3 3 3 3 3 2 2 2 10 10 9 15 15 15 18 18 16 16 33 31 31 33 43 43 31 31 34 39 39 40 48 48 52 52 45 38 38 31 
4 4 5 3 3 3 4 4 4 4 3 3 3 2 1 1 8 8 9 12 12 17 14 14 11 11 19 24 24 20 27 27 27 27 26 30 30 34 33 33 39 39 29 41 41 32 
6 6 4 4 4 4 4 4 3 3 3 3 3 3 4 4 4 4 10 15 15 16 10 10 15 15 11 13 13 11 13 13 13 13 15 19 19 16 20 20 22 22 24 35 35 31 
6 6 4 4 4 4 4 4 3 3 3 3 3 3 4 4 4 4 10 15 15 16 10 10 15 15 11 13 13 11 13 13 13 13 15 19 19 16 20 20 22 22 24 35 35 31 
5 5 6 6 6 5 4 4 4 4 3 5 5 5 4 4 4 4 8 10 10 11 7 7 6 6 6 8 8 11 9 9 7 7 8 8 8 6 6 6 7 7 8 19 19 18 
8 8 6 6 6 4 5 5 4 4 2 2 2 5 2 2 2 2 2 4 4 5 3 3 5 5 4 3 3 3 3 3 3 3 3 4 4 3 1 1 0 0 10 11 11 16 
8 8 6 6 6 4 5 5 4 4 2 2 2 5 2 2 2 2 2 4 4 5 3 3 5 5 4 3 3 3 3 3 3 3 3 4 4 3 1 1 0 0 10 11 11 16 
11 11 8 10 10 5 5 5 4 4 2 2 2 6 4 4 2 2 1 5 5 3 3 3 3 3 4 3 3 3 2 2 1 1 1 1 1 0 3 3 5 5 9 5 5 6 
11 11 8 10 10 5 5 5 4 4 2 2 2 6 4 4 2 2 1 5 5 3 3 3 3 3 4 3 3 3 2 2 1 1 1 1 1 0 3 3 5 5 9 5 5 6 
28 28 12 10 10 5 6 6 5 5 5 3 3 4 3 3 2 2 1 3 3 5 5 5 1 1 4 6 6 2 1 1 0 0 0 2 2 1 2 2 6 6 9 6 6 7 
104 104 18 17 17 11 9 9 7 7 5 3 3 5 4 4 3 3 3 2 2 5 5 5 2 2 5 3 3 3 1 1 0 0 1 1 1 1 2 2 5 5 6 3 3 2 
104 104 18 17 17 11 9 9 7 7 5 3 3 5 4 4 3 3 3 2 2 5 5 5 2 2 5 3 3 3 1 1 0 0 1 1 1 1 2 2 5 5 6 3 3 2 
110 110 23 17 17 10 10 10 9 9 8 2 2 3 4 4 4 4 4 2 2 4 4 4 2 2 4 5 5 2 1 1 1 1 2 5 5 2 2 2 7 7 4 5 5 5 
134 134 24 21 21 20 17 17 13 13 11 7 7 4 3 3 6 6 5 2 2 2 2 2 3 3 3 4 4 3 2 2 1 1 2 4 4 2 1 1 1 1 1 4 4 5 
134 134 24 21 21 20 17 17 13 13 11 7 7 4 3 3 6 6 5 2 2 2 2 2 3 3 3 4 4 3 2 2 1 1 2 4 4 2 1 1 1 1 1 4 4 5 
20 20 14 28 28 26 20 20 18 18 17 8 8 2 2 2 2 2 5 2 2 2 1 1 3 3 2 1 1 2 1 1 1 1 1 2 2 0 1 1 0 0 2 4 4 6 
20 20 14 28 28 26 20 20 18 18 17 8 8 2 2 2 2 2 5 2 2 2 1 1 3 3 2 1 1 2 1 1 1 1 1 2 2 0 1 1 0 0 2 4 4 6 
62 62 23 31 31 26 23 23 20 20 10 9 9 2 2 2 2 2 4 2 2 0 1 1 4 4 5 1 1 2 1 1 0 0 0 0 0 0 0 0 0 0 1 4 4 6 
67 67 49 45 45 45 27 27 19 19 16 11 11 9 1 1 1 1 1 1 1 0 2 2 5 5 2 2 2 1 0 0 0 0 1 1 1 1 1 1 1 1 2 4 4 17 
67 67 49 45 45 45 27 27 19 19 16 11 11 9 1 1 1 1 1 1 1 0 2 2 5 5 2 2 2 1 0 0 0 0 1 1 1 1 1 1 1 1 2 4 4 17 
83 83 72 70 70 73 27 27 24 24 18 14 14 2 1 1 2 2 1 2 2 1 2 2 5 5 3 3 3 1 0 0 1 1 1 1 1 1 1 1 1 1 0 1 1 16 
104 104 97 75 75 53 49 49 48 48 30 18 18 13 6 6 5 5 2 1 1 0 0 0 4 4 2 2 2 2 1 1 1 1 0 1 1 1 3 3 4 4 7 2 2 2 
104 104 97 75 75 53 49 49 48 48 30 18 18 13 6 6 5 5 2 1 1 0 0 0 4 4 2 2 2 2 1 1 1 1 0 1 1 1 3 3 4 4 7 2 2 2 
146 146 111 91 91 59 74 74 43 43 41 37 37 17 6 6 3 3 1 0 0 1 0 0 2 2 3 2 2 3 2 2 0 0 1 1 1 4 3 3 3 3 4 5 5 0 
146 146 111 91 91 59 74 74 43 43 41 37 37 17 6 6 3 3 1 0 0 1 0 0 2 2 3 2 2 3 2 2 0 0 1 1 1 4 3 3 3 3 4 5 5 0 
137 137 106 90 90 47 43 43 36 36 26 22 22 7 4 4 1 1 1 0 0 0 1 1 3 3 2 2 2 2 2 2 2 2 3 0 0 0 1 1 0 0 0 0 0 1 
122 122 97 90 90 60 41 41 17 17 17 10 10 10 7 7 2 2 1 0 0 3 4 4 7 7 2 2 2 2 2 2 3 3 0 1 1 1 0 0 0 0 0 0 0 0 
122 122 97 90 90 60 41 41 17 17 17 10 10 10 7 7 2 2 1 0 0 3 4 4 7 7 2 2 2 2 2 2 3 3 0 1 1 1 0 0 0 0 0 0 0 0 
106 106 100 62 62 62 49 49 15 15 15 13 13 7 6 6 3 3 2 1 1 3 3 3 1 1 8 2 2 2 1 1 1 1 1 1 1 1 0 0 0 0 0 0 0 0 
84 84 83 60 60 52 54 54 22 22 15 9 9 4 6 6 4 4 3 1 1 2 3 3 3 3 1 3 3 3 3 3 0 0 2 3 3 1 0 0 0 0 0 0 0 0 
84 84 83 60 60 52 54 54 22 22 15 9 9 4 6 6 4 4 3 1 1 2 3 3 3 3 1 3 3 3 3 3 0 0 2 3 3 1 0 0 0 0 0 0 0 0 
67 67 64 51 51 56 29 29 12 12 10 7 7 3 5 5 4 4 5 3 3 1 2 2 2 2 1 4 4 8 3 3 2 2 1 1 1 2 1 1 0 0 0 0 0 0 
67 67 64 51 51 56 29 29 12 12 10 7 7 3 5 5 4 4 5 3 3 1 2 2 2 2 1 4 4 8 3 3 2 2 1 1 1 2 1 1 0 0 0 0 0 0 
61 61 52 52 52 48 21 21 8 8 5 3 3 3 4 4 4 4 4 3 3 4 4 4 5 5 2 5 5 9 8 8 2 2 1 1 1 1 0 0 0 0 0 0 0 0 
39 39 40 28 28 35 13 13 8 8 4 2 2 2 3 3 3 3 3 2 2 4 4 4 5 5 9 3 3 15 11 11 2 2 2 1 1 0 0 0 0 0 0 0 0 0 
39 39 40 28 28 35 13 13 8 8 4 2 2 2 3 3 3 3 3 2 2 4 4 4 5 5 9 3 3 15 11 11 2 2 2 1 1 0 0 0 0 0 0 0 0 0 
26 26 21 20 20 18 10 10 6 6 4 2 2 1 1 1 1 1 1 0 0 2 4 4 6 6 5 9 9 16 10 10 5 5 3 2 2 1 0 0 0 0 0 1 1 5 
24 24 16 15 15 11 7 7 5 5 3 2 2 1 0 0 0 0 0 0 0 0 2 2 3 3 4 5 5 5 6 6 8 8 4 2 2 1 0 0 0 0 0 0 0 6 
24 24 16 15 15 11 7 7 5 5 3 2 2 1 0 0 0 0 0 0 0 0 2 2 3 3 4 5 5 5 6 6 8 8 4 2 2 1 0 0 0 0 0 0 0 6 
17 17 14 10 10 9 6 6 4 4 3 2 2 1 0 0 0 0 0 0 0 0 2 2 1 1 4 6 6 3 1 1 5 5 3 1 1 1 1 1 0 0 0 0 0 0 
17 17 14 10 10 9 6 6 4 4 3 2 2 1 0 0 0 0 0 0 0 0 2 2 1 1 4 6 6 3 1 1 5 5 3 1 1 1 1 1 0 0 0 0 0 0 
7 7 7 6 6 5 4 4 2 2 2 1 1 0 0 0 0 0 0 0 0 1 2 2 1 1 2 2 2 3 1 1 1 1 2 3 3 2 1 1 0 0 1 0 0 0 
4 4 4 4 4 3 2 2 2 2 2 0 0 0 0 0 0 0 0 0 0 1 1 1 2 2 2 2 2 2 1 1 0 0 0 1 1 1 1 1 1 1 1 0 0 0 
4 4 4 4 4 3 2 2 2 2 2 0 0 0 0 0 0 0 0 0 0 1 1 1 2 2 2 2 2 2 1 1 0 0 0 1 1 1 1 1 1 1 1 0 0 0 
3 3 3 4 4 3 2 2 1 1 1 0 0 0 0 0 0 0 0 1 1 1 1 1 2 2 3 2 2 2 0 0 0 0 0 0 0 0 1 1 1 1 0 0 0 0 
2 2 3 3 3 1 1 1 0 0 1 0 0 0 0 0 0 0 1 1 1 1 1 1 1 1 1 6 6 2 2 2 0 0 0 0 0 0 0 0 0 0 0 0 0 0 
