assets/RAT_results_old/precipitation/2024-07-14_IMERG.asc
ncols        46
nrows        77
xllcorner    74.800261325624
yllcorner    8.058333333333
cellsize     0.062500000000
NODATA_value -9999
103 103 101 95 95 70 69 69 64 64 62 90 90 84 89 89 53 53 51 40 40 23 20 20 14 14 10 8 8 9 10 10 8 8 9 13 13 24 23 23 19 19 17 11 11 11 
119 119 107 115 115 117 97 97 79 79 69 83 83 80 79 79 65 65 58 41 41 23 21 21 16 16 13 10 10 14 15 15 11 11 15 15 15 23 21 21 20 20 16 13 13 13 
119 119 107 115 115 117 97 97 79 79 69 83 83 80 79 79 65 65 58 41 41 23 21 21 16 16 13 10 10 14 15 15 11 11 15 15 15 23 21 21 20 20 16 13 13 13 
118 118 121 135 135 116 107 107 83 83 75 83 83 90 79 79 72 72 70 43 43 28 22 22 19 19 15 12 12 15 16 16 13 13 16 17 17 20 24 24 24 24 19 18 18 16 
139 139 131 123 123 112 107 107 72 72 72 89 89 79 70 70 69 69 55 42 42 32 20 20 19 19 16 13 13 15 16 16 15 15 19 22 22 26 27 27 26 26 20 21 21 18 
139 139 131 123 123 112 107 107 72 72 72 89 89 79 70 70 69 69 55 42 42 32 20 20 19 19 16 13 13 15 16 16 15 15 19 22 22 26 27 27 26 26 20 21 21 18 
75 75 138 108 108 103 97 97 85 85 86 76 76 79 61 61 63 63 52 49 49 37 25 25 23 23 18 16 16 18 17 17 20 20 23 28 28 30 27 27 25 25 23 24 24 21 
75 75 138 108 108 103 97 97 85 85 86 76 76 79 61 61 63 63 52 49 49 37 25 25 23 23 18 16 16 18 17 17 20 20 23 28 28 30 27 27 25 25 23 24 24 21 
77 77 106 96 96 114 94 94 78 78 93 82 82 81 77 77 60 60 48 44 44 28 28 28 24 24 22 24 24 23 23 23 24 24 30 31 31 36 30 30 26 26 21 23 23 22 
70 70 62 112 112 104 81 81 94 94 101 78 78 78 63 63 47 47 38 33 33 35 29 29 30 30 24 25 25 25 26 26 23 23 31 29 29 30 30 30 27 27 25 24 24 24 
70 70 62 112 112 104 81 81 94 94 101 78 78 78 63 63 47 47 38 33 33 35 29 29 30 30 24 25 25 25 26 26 23 23 31 29 29 30 30 30 27 27 25 24 24 24 
79 79 87 104 104 85 85 85 89 89 103 90 90 67 51 51 43 43 32 27 27 32 34 34 28 28 22 15 15 19 23 23 27 27 33 29 29 28 27 27 20 20 19 19 19 22 
102 102 68 46 46 74 89 89 77 77 81 79 79 53 55 55 50 50 37 44 44 39 31 31 24 24 22 14 14 17 25 25 26 26 35 33 33 28 27 27 28 28 22 15 15 10 
102 102 68 46 46 74 89 89 77 77 81 79 79 53 55 55 50 50 37 44 44 39 31 31 24 24 22 14 14 17 25 25 26 26 35 33 33 28 27 27 28 28 22 15 15 10 
39 39 32 36 36 32 86 86 83 83 76 89 89 81 58 58 47 47 46 45 45 42 31 31 25 25 23 17 17 15 14 14 23 23 34 41 41 41 34 34 28 28 22 16 16 8 
39 39 32 36 36 32 86 86 83 83 76 89 89 81 58 58 47 47 46 45 45 42 31 31 25 25 23 17 17 15 14 14 23 23 34 41 41 41 34 34 28 28 22 16 16 8 
18 18 32 28 28 28 47 47 78 78 71 84 84 100 74 74 47 47 58 54 54 60 55 55 47 47 29 44 44 28 24 24 32 32 38 51 51 43 36 36 28 28 17 12 12 6 
19 19 29 20 20 20 21 21 40 40 56 79 79 57 64 64 53 53 70 62 62 60 88 88 74 74 50 54 54 32 30 30 43 43 49 64 64 51 36 36 32 32 21 17 17 6 
19 19 29 20 20 20 21 21 40 40 56 79 79 57 64 64 53 53 70 62 62 60 88 88 74 74 50 54 54 32 30 30 43 43 49 64 64 51 36 36 32 32 21 17 17 6 
21 21 36 14 14 21 21 21 27 27 41 61 61 63 65 65 58 58 75 67 67 67 82 82 83 83 66 69 69 60 48 48 51 51 45 57 57 45 34 34 26 26 20 14 14 6 
33 33 16 20 20 26 21 21 39 39 31 65 65 70 59 59 56 56 52 55 55 57 66 66 69 69 67 72 72 66 60 60 55 55 63 50 50 43 37 37 22 22 13 9 9 9 
33 33 16 20 20 26 21 21 39 39 31 65 65 70 59 59 56 56 52 55 55 57 66 66 69 69 67 72 72 66 60 60 55 55 63 50 50 43 37 37 22 22 13 9 9 9 
40 40 23 21 21 24 30 30 32 32 29 47 47 65 52 52 47 47 45 49 49 51 68 68 60 60 63 71 71 78 55 55 56 56 39 36 36 29 20 20 16 16 13 9 9 8 
40 40 23 21 21 24 30 30 32 32 29 47 47 65 52 52 47 47 45 49 49 51 68 68 60 60 63 71 71 78 55 55 56 56 39 36 36 29 20 20 16 16 13 9 9 8 
40 40 18 21 21 23 34 34 26 26 24 26 26 67 45 45 48 48 51 58 58 61 56 56 60 60 57 57 57 55 45 45 55 55 41 38 38 25 18 18 13 13 12 10 10 9 
16 16 16 28 28 27 28 28 15 15 15 18 18 53 55 55 56 56 53 69 69 42 47 47 42 42 46 66 66 62 50 50 35 35 23 22 22 17 17 17 13 13 12 15 15 15 
16 16 16 28 28 27 28 28 15 15 15 18 18 53 55 55 56 56 53 69 69 42 47 47 42 42 46 66 66 62 50 50 35 35 23 22 22 17 17 17 13 13 12 15 15 15 
13 13 14 24 24 23 19 19 15 15 14 16 16 27 45 45 47 47 40 43 43 47 40 40 44 44 35 38 38 35 29 29 25 25 19 19 19 19 22 22 18 18 16 17 17 19 
10 10 14 15 15 26 20 20 8 8 13 15 15 23 30 30 59 59 43 39 39 43 41 41 33 33 27 25 25 24 21 21 24 24 22 23 23 22 23 23 19 19 14 13 13 15 
10 10 14 15 15 26 20 20 8 8 13 15 15 23 30 30 59 59 43 39 39 43 41 41 33 33 27 25 25 24 21 21 24 24 22 23 23 22 23 23 19 19 14 13 13 15 
14 14 14 18 18 17 8 8 5 5 6 9 9 18 23 23 49 49 40 48 48 42 32 32 28 28 22 17 17 24 25 25 27 27 26 25 25 25 18 18 15 15 16 12 12 14 
14 14 14 18 18 17 8 8 5 5 6 9 9 18 23 23 49 49 40 48 48 42 32 32 28 28 22 17 17 24 25 25 27 27 26 25 25 25 18 18 15 15 16 12 12 14 
14 14 17 13 13 14 7 7 4 4 4 6 6 12 22 22 48 48 49 53 53 47 38 38 30 30 24 27 27 28 35 35 27 27 32 31 31 33 24 24 16 16 14 11 11 12 
16 16 16 10 10 12 9 9 6 6 4 13 13 14 20 20 41 41 57 61 61 67 55 55 48 48 49 40 40 42 36 36 51 51 38 35 35 30 22 22 14 14 10 9 9 7 
16 16 16 10 10 12 9 9 6 6 4 13 13 14 20 20 41 41 57 61 61 67 55 55 48 48 49 40 40 42 36 36 51 51 38 35 35 30 22 22 14 14 10 9 9 7 
11 11 8 8 8 9 7 7 6 6 5 13 13 15 24 24 30 30 62 65 65 75 76 76 54 54 51 43 43 41 41 41 47 47 49 42 42 37 27 27 17 17 9 9 9 10 
6 6 6 9 9 8 8 8 10 10 10 16 16 19 31 31 36 36 52 65 65 68 72 72 46 46 46 36 36 46 54 54 58 58 49 48 48 40 31 31 17 17 10 9 9 8 
6 6 6 9 9 8 8 8 10 10 10 16 16 19 31 31 36 36 52 65 65 68 72 72 46 46 46 36 36 46 54 54 58 58 49 48 48 40 31 31 17 17 10 9 9 8 
5 5 7 10 10 11 13 13 14 14 16 13 13 24 27 27 37 37 45 56 56 61 60 60 50 50 55 48 48 51 65 65 70 70 64 55 55 40 33 33 20 20 11 11 11 13 
5 5 7 10 10 11 13 13 14 14 16 13 13 24 27 27 37 37 45 56 56 61 60 60 50 50 55 48 48 51 65 65 70 70 64 55 55 40 33 33 20 20 11 11 11 13 
4 4 7 10 10 15 20 20 23 23 30 24 24 35 41 41 38 38 32 51 51 54 57 57 43 43 55 50 50 55 63 63 68 68 58 46 46 41 32 32 22 22 11 9 9 11 
7 7 10 11 11 14 26 26 29 29 42 39 39 50 59 59 38 38 37 49 49 49 57 57 54 54 46 54 54 58 60 60 55 55 52 46 46 44 31 31 22 22 7 7 7 10 
7 7 10 11 11 14 26 26 29 29 42 39 39 50 59 59 38 38 37 49 49 49 57 57 54 54 46 54 54 58 60 60 55 55 52 46 46 44 31 31 22 22 7 7 7 10 
12 12 14 12 12 14 23 23 30 30 39 45 45 48 51 51 45 45 63 44 44 62 56 56 52 52 40 44 44 41 44 44 44 44 45 41 41 37 28 28 21 21 8 6 6 7 
11 11 12 13 13 17 21 21 30 30 33 41 41 55 58 58 48 48 43 45 45 55 51 51 53 53 36 39 39 35 38 38 37 37 42 39 39 35 23 23 9 9 6 3 3 2 
11 11 12 13 13 17 21 21 30 30 33 41 41 55 58 58 48 48 43 45 45 55 51 51 53 53 36 39 39 35 38 38 37 37 42 39 39 35 23 23 9 9 6 3 3 2 
11 11 12 15 15 18 25 25 30 30 33 33 33 40 51 51 41 41 37 37 37 34 31 31 45 45 35 35 35 33 36 36 38 38 34 33 33 26 19 19 10 10 7 5 5 3 
11 11 12 15 15 18 25 25 30 30 33 33 33 40 51 51 41 41 37 37 37 34 31 31 45 45 35 35 35 33 36 36 38 38 34 33 33 26 19 19 10 10 7 5 5 3 
9 9 8 8 8 12 16 16 20 20 22 25 25 26 31 31 28 28 32 27 27 11 17 17 54 54 44 46 46 41 35 35 33 33 35 33 33 28 24 24 20 20 14 7 7 5 
7 7 7 7 7 8 8 8 8 8 11 11 11 12 14 14 22 22 19 25 25 13 22 22 49 49 62 55 55 48 37 37 43 43 35 36 36 31 25 25 20 20 15 6 6 5 
7 7 7 7 7 8 8 8 8 8 11 11 11 12 14 14 22 22 19 25 25 13 22 22 49 49 62 55 55 48 37 37 43 43 35 36 36 31 25 25 20 20 15 6 6 5 
6 6 7 7 7 5 4 4 4 4 4 5 5 6 10 10 18 18 18 13 13 18 31 31 51 51 56 63 63 55 41 41 45 45 47 46 46 34 26 26 19 19 16 5 5 5 
9 9 7 6 6 5 6 6 6 6 6 4 4 4 8 8 16 16 16 16 16 13 22 22 50 50 60 65 65 59 48 48 50 50 53 44 44 39 25 25 20 20 16 3 3 4 
9 9 7 6 6 5 6 6 6 6 6 4 4 4 8 8 16 16 16 16 16 13 22 22 50 50 60 65 65 59 48 48 50 50 53 44 44 39 25 25 20 20 16 3 3 4 
12 12 9 6 6 6 5 5 6 6 5 5 5 3 5 5 12 12 11 8 8 9 8 8 37 37 55 66 66 45 35 35 51 51 52 45 45 38 20 20 19 19 16 4 4 4 
12 12 9 6 6 6 5 5 6 6 5 5 5 3 5 5 12 12 11 8 8 9 8 8 37 37 55 66 66 45 35 35 51 51 52 45 45 38 20 20 19 19 16 4 4 4 
8 8 8 5 5 7 7 7 7 7 7 4 4 5 6 6 11 11 8 8 8 8 9 9 24 24 42 49 49 38 28 28 29 29 32 35 35 28 17 17 17 17 9 6 6 4 
7 7 8 7 7 8 7 7 4 4 6 7 7 8 9 9 9 9 5 8 8 6 10 10 15 15 32 23 23 21 26 26 21 21 19 26 26 25 15 15 14 14 8 5 5 2 
7 7 8 7 7 8 7 7 4 4 6 7 7 8 9 9 9 9 5 8 8 6 10 10 15 15 32 23 23 21 26 26 21 21 19 26 26 25 15 15 14 14 8 5 5 2 
5 5 5 6 6 7 6 6 4 4 6 10 10 8 11 11 8 8 6 9 9 5 10 10 8 8 34 21 21 18 20 20 14 14 15 18 18 14 10 10 8 8 5 2 2 2 
5 5 5 6 6 6 5 5 5 5 8 7 7 7 7 7 9 9 7 11 11 8 9 9 11 11 21 22 22 21 20 20 12 12 11 9 9 9 9 9 8 8 4 2 2 1 
5 5 5 6 6 6 5 5 5 5 8 7 7 7 7 7 9 9 7 11 11 8 9 9 11 11 21 22 22 21 20 20 12 12 11 9 9 9 9 9 8 8 4 2 2 1 
9 9 6 7 7 7 6 6 9 9 7 6 6 5 5 5 7 7 8 12 12 9 10 10 9 9 18 29 29 21 18 18 9 9 9 7 7 9 9 9 8 8 4 1 1 1 
9 9 6 7 7 7 6 6 9 9 7 6 6 5 5 5 7 7 8 12 12 9 10 10 9 9 18 29 29 21 18 18 9 9 9 7 7 9 9 9 8 8 4 1 1 1 
11 11 7 7 7 7 4 4 4 4 3 3 3 3 4 4 2 2 12 12 12 7 13 13 6 6 18 20 20 21 12 12 11 11 8 12 12 13 12 12 10 10 5 3 3 3 
7 7 11 9 9 8 4 4 3 3 3 2 2 5 2 2 2 2 2 3 3 7 18 18 12 12 13 12 12 28 8 8 10 10 22 30 30 23 20 20 14 14 9 6 6 4 
7 7 11 9 9 8 4 4 3 3 3 2 2 5 2 2 2 2 2 3 3 7 18 18 12 12 13 12 12 28 8 8 10 10 22 30 30 23 20 20 14 14 9 6 6 4 
10 10 6 13 13 7 7 7 3 3 5 3 3 3 4 4 1 1 2 2 2 3 19 19 35 35 9 7 7 10 10 10 14 14 29 29 29 27 23 23 13 13 7 2 2 1 
13 13 8 16 16 11 11 11 5 5 5 5 5 4 1 1 1 1 1 5 5 9 32 32 26 26 24 6 6 2 4 4 10 10 17 19 19 23 15 15 7 7 4 1 1 1 
13 13 8 16 16 11 11 11 5 5 5 5 5 4 1 1 1 1 1 5 5 9 32 32 26 26 24 6 6 2 4 4 10 10 17 19 19 23 15 15 7 7 4 1 1 1 
13 13 9 14 14 11 10 10 6 6 7 6 6 5 2 2 2 2 2 7 7 15 15 15 4 4 1 2 2 2 2 2 3 3 10 9 9 8 10 10 7 7 4 1 1 1 
13 13 9 14 14 11 10 10 6 6 7 6 6 5 2 2 2 2 2 7 7 15 15 15 4 4 1 2 2 2 2 2 3 3 10 9 9 8 10 10 7 7 4 1 1 1 
9 9 8 13 13 12 7 7 5 5 7 5 5 4 1 1 2 2 2 6 6 11 8 8 2 2 4 5 5 5 4 4 3 3 11 10 10 7 5 5 4 4 3 2 2 1 
8 8 9 9 9 10 6 6 6 6 7 4 4 5 4 4 1 1 2 5 5 11 7 7 6 6 6 7 7 5 6 6 6 6 8 7 7 8 4 4 4 4 4 2 2 1 
8 8 9 9 9 10 6 6 6 6 7 4 4 5 4 4 1 1 2 5 5 11 7 7 6 6 6 7 7 5 6 6 6 6 8 7 7 8 4 4 4 4 4 2 2 1 
6 6 10 8 8 10 8 8 8 8 9 8 8 8 5 5 2 2 7 14 14 19 19 19 8 8 7 8 8 10 9 9 8 8 8 5 5 4 6 6 7 7 5 2 2 2 
9 9 10 9 9 10 10 10 10 10 8 8 8 6 3 3 6 6 14 20 20 33 8 8 9 9 12 12 12 17 13 13 11 11 8 6 6 3 1 1 2 2 21 6 6 1 
